Temp (c), Acc
(-101)	(-2.98, -3.47, 8.53)	(-47.5, -5.5, -14.375)	(0.0, 0.002181661564992912, -0.00545415391248228)	(0.0, 0.0, 0.0)	(0.0, 0.0, 0.0, 0.0)	(0.0, 0.0, 0.0)	(0.0, 0.0, 0.0)	(1693384263.7894976)
(27)	(-3.0100000000000002, -3.5, 8.51)	(-47.5, -5.5, -14.375)	(-0.002181661564992912, 0.0, 0.0)	(0.0, 0.0, 0.0)	(0.0, 0.0, 0.0, 0.0)	(0.0, 0.0, 0.0)	(0.0, 0.0, 0.0)	(1693384263.8225763)
(27)	(-2.99, -3.49, 8.5)	(-47.5, -5.5, -14.375)	(-0.002181661564992912, 0.004363323129985824, -0.002181661564992912)	(0.0, 0.0, 0.0)	(1.0, 0.0, 0.0, 0.0)	(-3.0100000000000002, -3.5, -1.27)	(0.0, 0.0, 9.8)	(1693384263.8543413)
(-101)	(-2.99, -3.48, 8.53)	(-47.5, -5.5, -15.0625)	(0.001090830782496456, 0.002181661564992912, -0.003272492347489368)	(0.0, 0.0, 0.0)	(0.96954345703125, -0.1859130859375, 0.159423828125, 0.0)	(0.03, 0.03, -0.1)	(-3.0300000000000002, -3.5300000000000002, 8.63)	(1693384263.8812993)
(27)	(-3.0100000000000002, -3.49, 8.52)	(-47.5, -5.5, -15.0625)	(-0.003272492347489368, 0.006544984694978736, -0.002181661564992912)	(359.9375, -18.0, 22.25)	(0.96954345703125, -0.1859130859375, 0.159423828125, 0.0)	(0.01, 0.05, -0.09)	(-3.0300000000000002, -3.5300000000000002, 8.63)	(1693384263.9089186)
(-101)	(-2.99, -3.48, 8.56)	(-47.75, -5.0625, -15.0625)	(-0.004363323129985824, 0.006544984694978736, 0.0)	(359.9375, -18.0, 22.25)	(0.96954345703125, -0.1859130859375, 0.159423828125, 0.0)	(0.02, 0.03, -0.08)	(-3.0300000000000002, -3.5300000000000002, 8.63)	(1693384263.9353416)
(-101)	(-2.98, -3.49, 8.51)	(-47.75, -5.0625, -15.0625)	(-0.002181661564992912, 0.00545415391248228, 0.0)	(359.9375, -18.0, 22.25)	(0.96954345703125, -0.1859130859375, 0.159423828125, 0.0)	(0.04, 0.06, -0.11)	(-3.0300000000000002, -3.5300000000000002, 8.63)	(1693384263.9606025)
(-101)	(-3.0100000000000002, -3.49, 8.55)	(-48.1875, -5.0625, -13.5625)	(0.002181661564992912, -0.004363323129985824, -0.003272492347489368)	(359.9375, -18.0, 22.25)	(0.96954345703125, -0.1859130859375, 0.159423828125, 0.0)	(0.0, 0.04, -0.07)	(-3.0300000000000002, -3.5300000000000002, 8.63)	(1693384263.9874077)
(-101)	(-2.99, -3.49, 8.540000000000001)	(-48.1875, -5.0625, -13.5625)	(-0.002181661564992912, 0.002181661564992912, 0.0)	(359.9375, -18.0, 22.25)	(0.96954345703125, -0.1859130859375, 0.159423828125, 0.0)	(0.02, 0.02, -0.12)	(-3.0300000000000002, -3.5300000000000002, 8.63)	(1693384264.0117133)
(27)	(-2.98, -3.48, 8.53)	(-48.875, -5.5, -14.0)	(-0.002181661564992912, -0.002181661564992912, 0.0)	(359.9375, -18.0, 22.25)	(0.96954345703125, -0.1859130859375, 0.159423828125, 0.0)	(0.04, 0.04, -0.11)	(-3.0300000000000002, -3.5300000000000002, 8.63)	(1693384264.040231)
(-101)	(-2.97, -3.48, 8.52)	(-48.875, -5.5, -14.0)	(0.002181661564992912, 0.002181661564992912, -0.001090830782496456)	(359.9375, -18.0, 22.25)	(0.96954345703125, -0.1859130859375, 0.159423828125, 0.0)	(0.04, 0.04, -0.1)	(-3.0300000000000002, -3.5300000000000002, 8.63)	(1693384264.0674644)
(-101)	(-2.99, -3.52, 8.51)	(-47.0625, -5.75, -14.0)	(-0.001090830782496456, 0.001090830782496456, 0.002181661564992912)	(359.9375, -18.0, 22.25)	(0.96954345703125, -0.1859130859375, 0.159423828125, 0.0)	(0.02, 0.04, -0.07)	(-3.0300000000000002, -3.5300000000000002, 8.63)	(1693384264.0988042)
(-101)	(-2.99, -3.49, 8.540000000000001)	(-47.0625, -5.75, -14.0)	(-0.002181661564992912, 0.004363323129985824, 0.0)	(359.9375, -18.0, 22.25)	(0.96954345703125, -0.1859130859375, 0.159423828125, 0.0)	(0.02, 0.06, -0.09)	(-3.0300000000000002, -3.5300000000000002, 8.63)	(1693384264.1267362)
(-101)	(-3.0, -3.5, 8.52)	(-47.75, -5.0625, -14.375)	(-0.001090830782496456, 0.003272492347489368, 0.003272492347489368)	(359.9375, -18.0, 22.25)	(0.96954345703125, -0.1859130859375, 0.159423828125, 0.0)	(0.02, 0.03, -0.08)	(-3.0300000000000002, -3.5300000000000002, 8.63)	(1693384264.1565332)
(-101)	(-3.0100000000000002, -3.5, 8.53)	(-48.5625, -5.75, -14.0)	(0.003272492347489368, 0.006544984694978736, -0.002181661564992912)	(359.9375, -18.0, 22.25)	(0.96954345703125, -0.1859130859375, 0.159423828125, 0.0)	(0.02, 0.03, -0.1)	(-3.0300000000000002, -3.5300000000000002, 8.63)	(1693384264.1854918)
(27)	(-2.99, -3.49, 8.53)	(-48.5625, -5.75, -14.0)	(-0.006544984694978736, 0.002181661564992912, 0.002181661564992912)	(359.9375, -18.0, 22.25)	(0.96954345703125, -0.1859130859375, 0.159423828125, 0.0)	(0.03, 0.04, -0.07)	(-3.0300000000000002, -3.5300000000000002, 8.63)	(1693384264.2130134)
(27)	(-2.99, -3.48, 8.53)	(-48.1875, -5.75, -15.0625)	(-0.001090830782496456, 0.00545415391248228, -0.001090830782496456)	(359.9375, -18.0, 22.25)	(0.96954345703125, -0.1859130859375, 0.159423828125, 0.0)	(0.02, 0.04, -0.09)	(-3.0300000000000002, -3.5300000000000002, 8.63)	(1693384264.2416673)
(27)	(-2.99, -3.5, 8.53)	(-48.1875, -5.75, -15.0625)	(0.002181661564992912, 0.003272492347489368, -0.002181661564992912)	(359.9375, -18.0, 22.25)	(0.96954345703125, -0.1859130859375, 0.159423828125, 0.0)	(0.02, 0.02, -0.08)	(-3.0300000000000002, -3.5300000000000002, 8.63)	(1693384264.2685122)
(-101)	(-3.02, -3.5, 8.540000000000001)	(-46.75, -5.75, -14.375)	(-0.002181661564992912, 0.007635815477475192, -0.004363323129985824)	(359.9375, -18.0, 22.25)	(0.96954345703125, -0.1859130859375, 0.159423828125, 0.0)	(0.02, 0.03, -0.1)	(-3.0300000000000002, -3.5300000000000002, 8.63)	(1693384264.2934656)
(-101)	(-3.0, -3.5, 8.53)	(-46.75, -5.75, -14.375)	(-0.004363323129985824, 0.00545415391248228, -0.001090830782496456)	(359.9375, -18.0, 22.25)	(0.96954345703125, -0.1859130859375, 0.159423828125, 0.0)	(0.03, 0.03, -0.08)	(-3.0300000000000002, -3.5300000000000002, 8.63)	(1693384264.3196275)
(-101)	(-2.99, -3.48, 8.52)	(-47.75, -5.5, -14.375)	(-0.002181661564992912, 0.002181661564992912, -0.001090830782496456)	(359.9375, -18.0, 22.25)	(0.96954345703125, -0.1859130859375, 0.159423828125, 0.0)	(0.04, 0.07, -0.13)	(-3.0300000000000002, -3.5300000000000002, 8.63)	(1693384264.346503)
(27)	(-2.99, -3.5100000000000002, 8.52)	(-47.75, -5.5, -14.375)	(0.0, 0.002181661564992912, -0.001090830782496456)	(359.9375, -18.0, 22.25)	(0.96954345703125, -0.1859130859375, 0.159423828125, 0.0)	(0.03, 0.01, -0.1)	(-3.0300000000000002, -3.5300000000000002, 8.63)	(1693384264.3708591)
(-101)	(-3.0100000000000002, -3.5, 8.52)	(-47.5, -4.75, -15.0625)	(0.0, -0.002181661564992912, -0.003272492347489368)	(0.0, -18.0, 22.25)	(0.96954345703125, -0.1859130859375, 0.15948486328125, 0.0)	(0.04, 0.03, -0.1)	(-3.0300000000000002, -3.5300000000000002, 8.620000000000001)	(1693384264.3984892)
(-101)	(-3.02, -3.5, 8.56)	(-47.5, -4.75, -15.0625)	(-0.00545415391248228, -0.004363323129985824, 0.001090830782496456)	(0.0, -18.0, 22.25)	(0.96954345703125, -0.1859130859375, 0.15948486328125, 0.0)	(-0.01, 0.01, -0.03)	(-3.0300000000000002, -3.5300000000000002, 8.620000000000001)	(1693384264.4239116)
(27)	(-3.02, -3.5, 8.53)	(-47.5, -5.5, -14.375)	(0.007635815477475192, 0.01090830782496456, -0.008726646259971648)	(0.0, -18.0, 22.25)	(0.96954345703125, -0.1859130859375, 0.1595458984375, 0.0)	(0.02, 0.03, -0.08)	(-3.0300000000000002, -3.5300000000000002, 8.620000000000001)	(1693384264.4525855)
(-101)	(-3.0, -3.48, 8.5)	(-47.5, -5.5, -14.375)	(-0.018544123302439753, 0.011999138607461015, 0.004363323129985824)	(0.0, -18.0, 22.25)	(0.969482421875, -0.18603515625, 0.1597900390625, -6.103515625e-05)	(0.07, 0.06, -0.13)	(-3.0300000000000002, -3.5300000000000002, 8.620000000000001)	(1693384264.4826143)
(-101)	(-2.94, -3.44, 8.46)	(-47.75, -5.75, -13.5625)	(-0.01090830782496456, 0.002181661564992912, -0.00545415391248228)	(0.0, -18.0, 22.3125)	(0.96942138671875, -0.186279296875, 0.1597900390625, 0.0)	(-0.03, 0.03, -0.03)	(-3.0300000000000002, -3.54, 8.620000000000001)	(1693384264.5118284)
(-101)	(-3.04, -3.5100000000000002, 8.58)	(-48.1875, -5.75, -14.375)	(0.01090830782496456, -0.02945243112740431, 0.01090830782496456)	(359.9375, -18.0, 22.25)	(0.96942138671875, -0.18621826171875, 0.15972900390625, 6.103515625e-05)	(0.05, 0.04, -0.09)	(-3.0300000000000002, -3.54, 8.620000000000001)	(1693384264.539657)
(-101)	(-2.94, -3.45, 8.48)	(-48.1875, -5.75, -14.375)	(0.006544984694978736, -0.001090830782496456, 0.01090830782496456)	(359.9375, -18.0, 22.25)	(0.969482421875, -0.18609619140625, 0.15972900390625, 0.0)	(0.03, 0.04, -0.12)	(-3.0300000000000002, -3.5300000000000002, 8.620000000000001)	(1693384264.5658393)
(27)	(-3.0, -3.49, 8.49)	(-29.75, -3.5, -9.1875)	(0.004363323129985824, 0.002181661564992912, 0.01090830782496456)	(359.9375, -18.0, 22.25)	(0.969482421875, -0.18597412109375, 0.15960693359375, -6.103515625e-05)	(0.0, 0.02, -0.11)	(-3.0300000000000002, -3.5300000000000002, 8.620000000000001)	(1693384264.5941207)
(-101)	(-2.99, -3.5, 8.51)	(-29.75, -3.5, -9.1875)	(-0.013089969389957472, 0.004363323129985824, 0.002181661564992912)	(0.0, -18.0, 22.25)	(0.969482421875, -0.18603515625, 0.15960693359375, 0.0)	(0.01, 0.03, -0.08)	(-3.0300000000000002, -3.5300000000000002, 8.620000000000001)	(1693384264.6215558)
(-101)	(-3.0300000000000002, -3.5, 8.540000000000001)	(-29.0, -3.1875, -9.1875)	(-0.016362461737446838, -0.003272492347489368, 0.016362461737446838)	(359.9375, -18.0, 22.25)	(0.969482421875, -0.18621826171875, 0.15960693359375, 6.103515625e-05)	(0.03, 0.05, -0.13)	(-3.0300000000000002, -3.54, 8.620000000000001)	(1693384264.6492894)
(-101)	(-2.95, -3.49, 8.5)	(-29.0, -3.1875, -9.1875)	(0.002181661564992912, 0.016362461737446838, -0.002181661564992912)	(359.9375, -18.0, 22.3125)	(0.96942138671875, -0.18621826171875, 0.15972900390625, 6.103515625e-05)	(0.02, 0.05, -0.1)	(-3.0300000000000002, -3.54, 8.620000000000001)	(1693384264.6722329)
(-101)	(-3.02, -3.5, 8.55)	(-29.0, -3.875, -8.375)	(0.004363323129985824, 0.001090830782496456, 0.002181661564992912)	(359.9375, -18.0, 22.3125)	(0.96942138671875, -0.18621826171875, 0.15972900390625, 6.103515625e-05)	(0.01, 0.03, -0.05)	(-3.0300000000000002, -3.54, 8.620000000000001)	(1693384264.6990764)
(-101)	(-3.02, -3.5, 8.53)	(-29.0, -3.875, -8.375)	(0.002181661564992912, 0.01090830782496456, -0.00545415391248228)	(359.9375, -18.0, 22.3125)	(0.96942138671875, -0.18621826171875, 0.15985107421875, 6.103515625e-05)	(0.03, 0.04, -0.06)	(-3.04, -3.54, 8.620000000000001)	(1693384264.7233114)
(-101)	(-3.0, -3.5100000000000002, 8.57)	(-29.0, -3.1875, -8.0)	(-0.011999138607461015, 0.00545415391248228, 0.004363323129985824)	(359.9375, -18.0, 22.3125)	(0.96942138671875, -0.186279296875, 0.159912109375, 6.103515625e-05)	(0.05, 0.06, -0.1)	(-3.04, -3.54, 8.620000000000001)	(1693384264.7506669)
(-101)	(-2.98, -3.46, 8.55)	(-29.0, -3.1875, -8.0)	(-0.004363323129985824, 0.014180800172453928, -0.004363323129985824)	(359.9375, -18.0625, 22.3125)	(0.9693603515625, -0.186279296875, 0.15997314453125, 0.0)	(0.07, 0.06, -0.08)	(-3.04, -3.54, 8.620000000000001)	(1693384264.7733753)
(-101)	(-2.99, -3.5, 8.55)	(-28.25, -3.5, -9.5)	(0.00545415391248228, -0.002181661564992912, -0.001090830782496456)	(359.9375, -18.0625, 22.3125)	(0.9693603515625, -0.186279296875, 0.15997314453125, 0.0)	(0.03, 0.03, -0.06)	(-3.04, -3.54, 8.620000000000001)	(1693384264.8014052)
(-101)	(-2.99, -3.47, 8.540000000000001)	(-28.25, -3.5, -9.5)	(0.001090830782496456, 0.00545415391248228, -0.004363323129985824)	(359.9375, -18.0625, 22.3125)	(0.9693603515625, -0.186279296875, 0.15997314453125, 0.0)	(0.02, 0.06, -0.06)	(-3.04, -3.54, 8.620000000000001)	(1693384264.8289194)
(-101)	(-3.0, -3.5, 8.49)	(-29.375, -3.5, -8.75)	(-0.00545415391248228, -0.003272492347489368, 0.003272492347489368)	(359.9375, -18.0625, 22.3125)	(0.9693603515625, -0.186279296875, 0.15997314453125, 0.0)	(0.03, 0.04, -0.09)	(-3.04, -3.54, 8.620000000000001)	(1693384264.856965)
(-101)	(-2.97, -3.48, 8.540000000000001)	(-28.6875, -3.1875, -8.375)	(0.002181661564992912, 0.002181661564992912, -0.004363323129985824)	(359.9375, -18.0625, 22.3125)	(0.9693603515625, -0.186279296875, 0.15997314453125, 0.0)	(0.03, 0.05, -0.1)	(-3.04, -3.54, 8.620000000000001)	(1693384264.8864508)
(27)	(-2.99, -3.5100000000000002, 8.52)	(-28.6875, -3.1875, -8.375)	(0.002181661564992912, -0.00545415391248228, 0.0)	(359.9375, -18.0625, 22.3125)	(0.9693603515625, -0.186279296875, 0.15997314453125, 0.0)	(-0.01, 0.01, -0.06)	(-3.04, -3.54, 8.620000000000001)	(1693384264.9157338)
(27)	(-3.0300000000000002, -3.5, 8.540000000000001)	(-28.25, -3.1875, -8.0)	(-0.002181661564992912, 0.015271630954950384, -0.009817477042468103)	(0.0, -18.0625, 22.3125)	(0.9693603515625, -0.1864013671875, 0.16009521484375, 0.0)	(0.06, 0.06, -0.12)	(-3.04, -3.54, 8.620000000000001)	(1693384264.9458365)
(27)	(-2.98, -3.48, 8.49)	(-28.25, -3.1875, -8.0)	(-0.013089969389957472, 0.007635815477475192, 0.008726646259971648)	(359.9375, -18.0625, 22.3125)	(0.96929931640625, -0.1865234375, 0.16009521484375, 6.103515625e-05)	(0.05, 0.07, -0.11)	(-3.04, -3.54, 8.620000000000001)	(1693384264.974352)
(-101)	(-3.0100000000000002, -3.5100000000000002, 8.6)	(-28.6875, -3.1875, -9.5)	(0.014180800172453928, 0.004363323129985824, -0.00545415391248228)	(359.9375, -18.0625, 22.3125)	(0.96929931640625, -0.18646240234375, 0.16009521484375, 0.0)	(0.0, 0.02, -0.02)	(-3.04, -3.54, 8.620000000000001)	(1693384265.0032206)
(-101)	(-3.04, -3.52, 8.64)	(-28.6875, -3.1875, -9.5)	(0.004363323129985824, 0.006544984694978736, -0.002181661564992912)	(359.9375, -18.0625, 22.3125)	(0.9693603515625, -0.1864013671875, 0.16009521484375, 0.0)	(0.0, 0.0, 0.0)	(-3.04, -3.54, 8.620000000000001)	(1693384265.028373)
(27)	(-3.02, -3.54, 8.58)	(-29.75, -3.5, -8.375)	(-0.013089969389957472, 0.008726646259971648, 0.002181661564992912)	(359.9375, -18.0625, 22.3125)	(0.96929931640625, -0.18646240234375, 0.16009521484375, 0.0)	(0.02, 0.03, -0.04)	(-3.04, -3.54, 8.620000000000001)	(1693384265.055308)
(-101)	(-2.99, -3.49, 8.6)	(-29.75, -3.5, -8.375)	(-0.008726646259971648, 0.007635815477475192, 0.003272492347489368)	(359.9375, -18.0625, 22.3125)	(0.96929931640625, -0.1865234375, 0.16009521484375, 6.103515625e-05)	(0.04, 0.02, 0.0)	(-3.04, -3.54, 8.620000000000001)	(1693384265.0812013)
(-101)	(-3.02, -3.52, 8.6)	(-29.75, -3.5, -1.1875)	(0.011999138607461015, 0.001090830782496456, -0.007635815477475192)	(359.9375, -18.0625, 22.3125)	(0.9693603515625, -0.18646240234375, 0.16009521484375, 0.0)	(-0.01, 0.02, 0.01)	(-3.04, -3.54, 8.620000000000001)	(1693384265.113159)
(27)	(-3.0500000000000003, -3.5300000000000002, 8.64)	(-21.375, -3.1875, -8.375)	(0.0, 0.006544984694978736, -0.001090830782496456)	(367.9375, -18.0625, 22.3125)	(0.97711181640625, -0.1865234375, 0.16015625, 0.0)	(0.0, 0.03, 0.0)	(-3.04, -3.54, 8.620000000000001)	(1693384265.1564236)
(27)	(-3.0, -3.52, 8.58)	(-29.75, -3.1875, -9.5)	(-0.007635815477475192, 0.007635815477475192, -0.002181661564992912)	(367.9375, -18.0625, 22.3125)	(0.96929931640625, -0.1865234375, 0.16015625, 0.0)	(1.31, 0.03, -0.02)	(-3.04, -3.54, 8.620000000000001)	(1693384265.2036092)
(-101)	(-3.0500000000000003, -3.54, 8.64)	(-29.75, -3.1875, -9.5)	(-0.001090830782496456, 0.017453292519943295, -0.004363323129985824)	(0.0, -18.0625, 22.3125)	(0.96929931640625, -0.18646240234375, 0.1602783203125, 0.0)	(0.0, -0.01, 0.03)	(-3.04, -3.54, 8.620000000000001)	(1693384265.2338424)
(-101)	(-3.0100000000000002, -3.5100000000000002, 8.57)	(-29.0, -3.5, -8.75)	(-0.008726646259971648, -0.004363323129985824, 0.001090830782496456)	(359.9375, -18.0625, 22.3125)	(0.96929931640625, -0.1865234375, 0.1602783203125, 0.0)	(0.01, 0.03, -0.02)	(-3.04, -3.54, 8.620000000000001)	(1693384265.2653039)
(-101)	(-3.02, -3.5100000000000002, 8.61)	(-29.75, -3.1875, -8.375)	(0.003272492347489368, 0.003272492347489368, -0.002181661564992912)	(359.9375, -18.0625, 22.3125)	(0.96929931640625, -0.1865234375, 0.1602783203125, 0.0)	(0.02, 0.01, 0.0)	(-3.04, -3.54, 8.620000000000001)	(1693384265.2948542)
(-101)	(-3.02, -3.5100000000000002, 8.59)	(-29.75, -3.1875, -8.375)	(0.003272492347489368, 0.003272492347489368, -0.001090830782496456)	(359.9375, -18.0625, 22.3125)	(0.96929931640625, -0.1865234375, 0.1602783203125, 0.0)	(0.0, 0.02, 0.0)	(-3.04, -3.54, 8.620000000000001)	(1693384265.323162)
(-101)	(-3.02, -3.5100000000000002, 8.59)	(-30.0625, -3.1875, -8.75)	(-0.002181661564992912, 0.00545415391248228, 0.0)	(359.9375, -18.0625, 22.3125)	(0.96929931640625, -0.1865234375, 0.1602783203125, 0.0)	(0.0, 0.01, -0.03)	(-3.04, -3.54, 8.620000000000001)	(1693384265.3502254)
(27)	(-3.0300000000000002, -3.5100000000000002, 8.6)	(-30.0625, -3.1875, -8.75)	(-0.004363323129985824, 0.006544984694978736, -0.001090830782496456)	(359.9375, -18.0625, 22.3125)	(0.96929931640625, -0.1865234375, 0.1602783203125, 0.0)	(0.01, 0.03, -0.01)	(-3.04, -3.54, 8.620000000000001)	(1693384265.374938)
