Temp (c), Acc
(29)	(0.0, 0.27, 9.46)	(-31.5625, -85.375, 41.1875)	(-0.002181661564992912, -0.003272492347489368, 0.003272492347489368)	(0.0, 0.0, 0.0)	(0.0, 0.0, 0.0, 0.0)	(0.0, 0.0, 0.0)	(0.0, 0.0, 0.0)	(0,	0,	0,	0)	(1700355415.2059126)	(
(29)	(0.0, 0.29, 9.44)	(-31.5625, -85.375, 41.1875)	(-0.002181661564992912, 0.0, -0.001090830782496456)	(0.0, 0.0, 0.0)	(1.0, 0.0, 0.0, 0.0)	(-0.01, 0.29, -0.34)	(0.0, 0.29, 9.8)	(0,	0,	0,	0)	(1700355415.266459)	(
(29)	(0.0, 0.3, 9.42)	(-30.75, -85.0, 41.1875)	(0.0, 0.0, -0.002181661564992912)	(0.0, 0.0, -1.6875)	(0.9998779296875, 0.01519775390625, 0.00042724609375, 0.0)	(0.0, -0.03, -0.35000000000000003)	(0.0, 0.29, 9.8)	(0,	0,	0,	0)	(1700355415.3408175)	(
(29)	(0.0, 0.28, 9.48)	(-30.75, -85.375, 41.1875)	(-0.001090830782496456, 0.0, -0.001090830782496456)	(360.0, 0.0, -1.6875)	(0.9998779296875, 0.01519775390625, 0.00042724609375, 0.0)	(0.0, -0.02, -0.34)	(0.0, 0.29, 9.8)	(0,	0,	0,	0)	(1700355415.4173684)	(
(29)	(-0.01, 0.28, 9.46)	(-31.1875, -84.5625, 41.875)	(0.001090830782496456, -0.002181661564992912, 0.0)	(360.0, 0.0, -1.6875)	(0.9998779296875, 0.01519775390625, 0.00042724609375, 0.0)	(0.0, -0.01, -0.36)	(0.0, 0.29, 9.8)	(0,	0,	0,	0)	(1700355415.4774096)	(
(29)	(0.0, 0.29, 9.47)	(-31.875, -85.6875, 42.25)	(-0.002181661564992912, -0.003272492347489368, 0.0)	(360.0, 0.0, -1.6875)	(0.9998779296875, 0.01519775390625, 0.00042724609375, 0.0)	(0.0, 0.0, -0.35000000000000003)	(0.0, 0.29, 9.8)	(0,	0,	0,	0)	(1700355415.5364313)	(
(29)	(0.0, 0.3, 9.44)	(-31.1875, -85.6875, 41.875)	(-0.001090830782496456, -0.003272492347489368, -0.002181661564992912)	(360.0, 0.0, -1.6875)	(0.9998779296875, 0.01519775390625, 0.00042724609375, 0.0)	(-0.02, 0.0, -0.35000000000000003)	(0.0, 0.29, 9.8)	(0,	0,	0,	0)	(1700355415.6359725)	(
(29)	(-0.01, 0.28, 9.450000000000001)	(-30.375, -85.6875, 41.875)	(-0.001090830782496456, -0.001090830782496456, 0.002181661564992912)	(360.0, 0.0, -1.6875)	(0.9998779296875, 0.01519775390625, 0.00042724609375, 0.0)	(-0.02, 0.0, -0.34)	(0.0, 0.29, 9.8)	(0,	0,	0,	0)	(1700355415.7345204)	(
(29)	(0.0, 0.28, 9.44)	(-30.375, -84.5625, 41.5625)	(0.001090830782496456, -0.00545415391248228, -0.001090830782496456)	(360.0, 0.0, -1.6875)	(0.9998779296875, 0.01519775390625, 0.00042724609375, 0.0)	(0.0, 0.0, -0.34)	(0.0, 0.29, 9.8)	(0,	0,	0,	0)	(1700355415.825426)	(
(29)	(0.0, 0.27, 9.47)	(-31.5625, -86.0625, 42.375)	(0.002181661564992912, 0.0, -0.002181661564992912)	(360.0, 0.0, -1.6875)	(0.9998779296875, 0.01519775390625, 0.00042724609375, 0.0)	(0.0, -0.02, -0.35000000000000003)	(0.0, 0.29, 9.8)	(0,	0,	0,	0)	(1700355415.9027545)	(
(29)	(0.0, 0.3, 9.44)	(-30.75, -85.75, 42.375)	(0.0, 0.0, 0.001090830782496456)	(360.0, 0.0, -1.6875)	(0.9998779296875, 0.01519775390625, 0.00042724609375, 0.0)	(0.02, 0.0, -0.34)	(0.0, 0.29, 9.8)	(0,	3,	0,	0)	(1700355415.991041)	(
(29)	(0.0, 0.28, 9.47)	(-30.375, -85.6875, 42.75)	(0.0, 0.0, 0.002181661564992912)	(360.0, 0.0, -1.6875)	(0.9998779296875, 0.01519775390625, 0.00042724609375, 0.0)	(0.0, -0.04, -0.34)	(0.0, 0.29, 9.8)	(0,	3,	0,	0)	(1700355416.0948713)	(
(29)	(-0.01, 0.28, 9.43)	(-31.1875, -85.375, 42.0)	(-0.002181661564992912, 0.001090830782496456, 0.0)	(360.0, 0.0, -1.6875)	(0.9998779296875, 0.01519775390625, 0.00042724609375, 0.0)	(-0.02, -0.01, -0.35000000000000003)	(0.0, 0.29, 9.8)	(0,	3,	0,	0)	(1700355416.1889544)	(
(29)	(0.0, 0.29, 9.44)	(-30.0625, -85.375, 41.5625)	(0.0, -0.001090830782496456, -0.001090830782496456)	(360.0, 0.0, -1.6875)	(0.9998779296875, 0.01519775390625, 0.00042724609375, 0.0)	(0.0, 0.0, -0.32)	(0.0, 0.29, 9.8)	(0,	3,	0,	0)	(1700355416.2766786)	(
(29)	(0.0, 0.29, 9.43)	(-30.375, -85.375, 42.375)	(-0.002181661564992912, 0.0, -0.002181661564992912)	(360.0, 0.0, -1.6875)	(0.9998779296875, 0.01519775390625, 0.00042724609375, 0.0)	(-0.02, -0.01, -0.35000000000000003)	(0.0, 0.29, 9.8)	(0,	3,	0,	0)	(1700355416.3469117)	(
(29)	(0.0, 0.27, 9.49)	(-29.75, -86.375, 40.75)	(-0.002181661564992912, -0.002181661564992912, 0.0)	(360.0, 0.0, -1.6875)	(0.9998779296875, 0.01519775390625, 0.00042724609375, 0.0)	(0.03, -0.02, -0.34)	(0.0, 0.29, 9.8)	(0,	3,	0,	0)	(1700355416.433238)	(
(29)	(0.0, 0.27, 9.47)	(-31.5625, -85.0, 42.0)	(0.001090830782496456, 0.001090830782496456, -0.001090830782496456)	(360.0, 0.0, -1.6875)	(0.9998779296875, 0.01519775390625, 0.00042724609375, 0.0)	(0.01, -0.01, -0.34)	(0.0, 0.29, 9.8)	(0,	3,	0,	0)	(1700355416.5115755)	(
(29)	(-0.03, 0.29, 9.47)	(-30.75, -84.5625, 42.375)	(0.001090830782496456, 0.003272492347489368, -0.001090830782496456)	(360.0, 0.0, -1.6875)	(0.9998779296875, 0.01519775390625, 0.00042724609375, 0.0)	(0.0, 0.0, -0.37)	(0.0, 0.29, 9.8)	(0,	3,	0,	0)	(1700355416.59248)	(
(29)	(0.0, 0.26, 9.450000000000001)	(-31.1875, -85.375, 41.875)	(0.001090830782496456, -0.003272492347489368, 0.001090830782496456)	(360.0, 0.0, -1.6875)	(0.9998779296875, 0.01519775390625, 0.00042724609375, 0.0)	(-0.01, -0.02, -0.34)	(0.0, 0.29, 9.8)	(0,	3,	0,	0)	(1700355416.673268)	(
(29)	(0.0, 0.29, 9.44)	(-31.1875, -85.6875, 41.875)	(0.001090830782496456, 0.0, 0.0)	(360.0, 0.0, -1.6875)	(0.9998779296875, 0.01519775390625, 0.00042724609375, 0.0)	(0.0, -0.02, -0.34)	(0.0, 0.29, 9.8)	(0,	3,	0,	0)	(1700355416.799639)	(
(29)	(0.0, 0.25, 9.44)	(-31.1875, -84.5625, 41.5625)	(-0.001090830782496456, 0.0, 0.002181661564992912)	(360.0, 0.0, -1.6875)	(0.9998779296875, 0.01519775390625, 0.00042724609375, 0.0)	(-0.01, 0.0, -0.36)	(0.0, 0.29, 9.8)	(0,	3,	0,	0)	(1700355416.8937929)	(
(29)	(0.0, 0.27, 9.47)	(-30.75, -85.375, 42.0)	(-0.001090830782496456, 0.002181661564992912, 0.0)	(360.0, 0.0, -1.6875)	(0.9998779296875, 0.01519775390625, 0.00042724609375, 0.0)	(0.0, 0.0, -0.33)	(0.0, 0.29, 9.8)	(0,	3,	0,	0)	(1700355416.9805243)	(
(29)	(0.0, 0.27, 9.47)	(-30.75, -85.375, 41.5625)	(0.001090830782496456, 0.0, 0.001090830782496456)	(360.0, 0.0, -1.6875)	(0.9998779296875, 0.01519775390625, 0.00042724609375, 0.0)	(0.02, -0.02, -0.34)	(0.0, 0.29, 9.8)	(0,	3,	0,	0)	(1700355417.0713384)	(
(29)	(0.0, 0.27, 9.44)	(-30.75, -85.6875, 41.5625)	(0.0, 0.0, 0.001090830782496456)	(360.0, 0.0, -1.6875)	(0.9998779296875, 0.01519775390625, 0.00042724609375, 0.0)	(0.0, 0.01, -0.34)	(0.0, 0.29, 9.8)	(0,	3,	0,	0)	(1700355417.1519992)	(
(29)	(0.0, 0.29, 9.46)	(-30.75, -84.25, 41.1875)	(-0.001090830782496456, -0.002181661564992912, -0.001090830782496456)	(360.0, 0.0, -1.6875)	(0.9998779296875, 0.01519775390625, 0.00042724609375, 0.0)	(0.0, -0.01, -0.32)	(0.0, 0.29, 9.8)	(0,	3,	0,	0)	(1700355417.2281382)	(
(29)	(0.0, 0.29, 9.46)	(-31.1875, -85.375, 41.1875)	(0.0, 0.002181661564992912, 0.001090830782496456)	(360.0, 0.0, -1.6875)	(0.9998779296875, 0.01519775390625, 0.00042724609375, 0.0)	(0.0, 0.0, -0.36)	(0.0, 0.29, 9.8)	(0,	3,	0,	0)	(1700355417.3088548)	(
(29)	(0.0, 0.3, 9.43)	(-31.1875, -85.0, 41.5625)	(0.0, 0.002181661564992912, 0.0)	(360.0, 0.0, -1.6875)	(0.9998779296875, 0.01519775390625, 0.00042724609375, 0.0)	(0.0, -0.01, -0.35000000000000003)	(0.0, 0.29, 9.8)	(0,	3,	0,	0)	(1700355417.382792)	(
(29)	(-0.01, 0.29, 9.43)	(-30.75, -85.75, 42.0)	(0.0, -0.001090830782496456, -0.001090830782496456)	(360.0, 0.0, -1.6875)	(0.9998779296875, 0.01519775390625, 0.00042724609375, 0.0)	(0.0, -0.02, -0.34)	(0.0, 0.29, 9.8)	(0,	3,	0,	0)	(1700355417.438318)	(
(29)	(0.0, 0.27, 9.44)	(-31.5625, -85.0, 41.1875)	(0.0, 0.0, -0.001090830782496456)	(360.0, 0.0, -1.6875)	(0.9998779296875, 0.01519775390625, 0.00042724609375, 0.0)	(0.0, 0.0, -0.34)	(0.0, 0.29, 9.8)	(0,	3,	0,	0)	(1700355417.5039778)	(
(29)	(0.0, 0.32, 9.450000000000001)	(-30.75, -85.0, 42.375)	(0.001090830782496456, 0.001090830782496456, 0.0)	(360.0, 0.0, -1.6875)	(0.9998779296875, 0.01519775390625, 0.00042724609375, 0.0)	(0.0, -0.02, -0.35000000000000003)	(0.0, 0.29, 9.8)	(0,	3,	0,	0)	(1700355417.5771515)	(
(29)	(0.0, 0.29, 9.42)	(-31.1875, -86.0625, 43.0625)	(0.0, -0.001090830782496456, 0.001090830782496456)	(360.0, 0.0, -1.6875)	(0.9998779296875, 0.01519775390625, 0.00042724609375, 0.0)	(0.0, -0.01, -0.33)	(0.0, 0.29, 9.8)	(0,	3,	0,	0)	(1700355417.6648684)	(
(29)	(0.0, 0.3, 9.42)	(-31.1875, -85.375, 42.375)	(-0.001090830782496456, 0.001090830782496456, 0.0)	(360.0, 0.0, -1.6875)	(0.9998779296875, 0.01519775390625, 0.00042724609375, 0.0)	(0.0, -0.01, -0.32)	(0.0, 0.29, 9.8)	(0,	3,	0,	0)	(1700355417.7406225)	(
(29)	(-0.01, 0.29, 9.46)	(-30.0625, -85.375, 41.875)	(0.0, -0.001090830782496456, 0.001090830782496456)	(360.0, 0.0, -1.6875)	(0.9998779296875, 0.01519775390625, 0.00042724609375, 0.0)	(-0.01, 0.0, -0.34)	(0.0, 0.29, 9.8)	(0,	3,	0,	0)	(1700355417.7985213)	(
(29)	(0.0, 0.3, 9.48)	(-30.75, -85.75, 42.375)	(-0.001090830782496456, -0.004363323129985824, 0.0)	(360.0, 0.0, -1.6875)	(0.9998779296875, 0.01519775390625, 0.00042724609375, 0.0)	(0.01, -0.02, -0.35000000000000003)	(0.0, 0.29, 9.8)	(0,	3,	0,	0)	(1700355417.8544667)	(
(29)	(0.0, 0.27, 9.46)	(-30.0625, -84.5625, 43.1875)	(-0.001090830782496456, 0.002181661564992912, -0.001090830782496456)	(360.0, 0.0, -1.6875)	(0.9998779296875, 0.01519775390625, 0.00042724609375, 0.0)	(0.0, -0.01, -0.34)	(0.0, 0.29, 9.8)	(0,	3,	0,	0)	(1700355417.9260118)	(
(29)	(0.0, 0.29, 9.450000000000001)	(-31.1875, -85.75, 42.375)	(-0.002181661564992912, -0.003272492347489368, -0.003272492347489368)	(360.0, 0.0, -1.6875)	(0.9998779296875, 0.01519775390625, 0.00042724609375, 0.0)	(-0.01, -0.01, -0.31)	(0.0, 0.29, 9.8)	(0,	3,	0,	0)	(1700355417.98326)	(
(29)	(-0.01, 0.27, 9.450000000000001)	(-30.375, -85.375, 42.0)	(0.0, 0.001090830782496456, 0.001090830782496456)	(360.0, 0.0, -1.6875)	(0.9998779296875, 0.01519775390625, 0.00042724609375, 0.0)	(0.0, -0.02, -0.33)	(0.0, 0.29, 9.8)	(0,	3,	0,	0)	(1700355418.0581882)	(
(29)	(0.0, 0.31, 9.450000000000001)	(-30.0625, -85.6875, 42.0)	(0.0, 0.001090830782496456, 0.002181661564992912)	(360.0, 0.0, -1.6875)	(0.9998779296875, 0.01519775390625, 0.00042724609375, 0.0)	(0.01, 0.0, -0.32)	(0.0, 0.29, 9.8)	(0,	3,	0,	0)	(1700355418.1199799)	(
(29)	(-0.02, 0.29, 9.450000000000001)	(-30.5, -85.375, 42.375)	(0.0, 0.001090830782496456, -0.001090830782496456)	(360.0, 0.0, -1.6875)	(0.9998779296875, 0.01519775390625, 0.00042724609375, 0.0)	(-0.01, -0.01, -0.33)	(0.0, 0.29, 9.8)	(0,	3,	0,	0)	(1700355418.176916)	(
(29)	(0.0, 0.3, 9.450000000000001)	(-31.5625, -85.375, 40.75)	(0.1407171709420428, -0.001090830782496456, 0.002181661564992912)	(360.0, 0.0, -1.6875)	(0.9998779296875, 0.01519775390625, 0.00042724609375, 0.0)	(0.0, 0.0, -0.35000000000000003)	(0.0, 0.29, 9.8)	(0,	3,	0,	0)	(1700355418.237835)	(
(29)	(0.01, 0.31, 9.47)	(-30.0625, -85.75, 43.1875)	(0.0, -0.001090830782496456, 0.001090830782496456)	(360.0, 0.0, -1.6875)	(0.9998779296875, 0.01519775390625, 0.00042724609375, 0.0)	(0.0, 0.0, -0.36)	(0.0, 0.29, 9.8)	(0,	3,	0,	0)	(1700355418.2975113)	(
(29)	(0.0, 0.28, 9.48)	(-30.375, -85.375, 42.0)	(0.0, -0.002181661564992912, 0.0)	(360.0, 0.0, -1.6875)	(0.9998779296875, 0.01519775390625, 0.00042724609375, 0.0)	(0.0, 0.0, -0.33)	(0.0, 0.29, 9.8)	(0,	3,	0,	0)	(1700355418.364183)	(
(29)	(-0.01, 0.29, 9.43)	(-30.75, -85.75, 42.75)	(0.0, 0.004363323129985824, 0.0)	(360.0, 0.0, -1.6875)	(0.9998779296875, 0.01519775390625, 0.00042724609375, 0.0)	(0.0, -0.01, -0.34)	(0.0, 0.29, 9.8)	(0,	3,	0,	0)	(1700355418.4368448)	(
(29)	(-0.01, 0.28, 9.450000000000001)	(-30.75, -86.0625, 42.0)	(-0.001090830782496456, -0.001090830782496456, 0.0)	(360.0, 0.0, -1.6875)	(0.9998779296875, 0.01519775390625, 0.00042724609375, 0.0)	(0.0, -0.03, -0.33)	(0.0, 0.29, 9.8)	(0,	3,	0,	0)	(1700355418.5141714)	(
(29)	(-0.01, 0.26, 9.44)	(-30.375, -86.0625, 41.5625)	(-0.001090830782496456, 0.0, -0.001090830782496456)	(360.0, 0.0, -1.6875)	(0.9998779296875, 0.01519775390625, 0.00042724609375, 0.0)	(0.0, 0.0, -0.36)	(0.0, 0.29, 9.8)	(0,	3,	0,	0)	(1700355418.5720901)	(
(29)	(0.0, 0.29, 9.46)	(-30.5, -86.0625, 42.0)	(-0.001090830782496456, 0.001090830782496456, 0.0)	(360.0, 0.0, -1.6875)	(0.9998779296875, 0.01519775390625, 0.00042724609375, 0.0)	(0.0, -0.02, -0.33)	(0.0, 0.29, 9.8)	(0,	3,	0,	0)	(1700355418.6306558)	(
(29)	(-0.02, 0.3, 9.44)	(-31.5625, -86.0625, 42.0)	(0.0, 0.0, -0.001090830782496456)	(360.0, 0.0, -1.6875)	(0.9998779296875, 0.01519775390625, 0.00042724609375, 0.0)	(0.01, -0.01, -0.31)	(0.0, 0.29, 9.8)	(0,	3,	0,	0)	(1700355418.6910071)	(
(29)	(0.0, 0.3, 9.450000000000001)	(-31.1875, -85.375, 41.1875)	(0.0, 0.0, 0.0)	(360.0, 0.0, -1.6875)	(0.9998779296875, 0.01519775390625, 0.00042724609375, 0.0)	(0.01, 0.0, -0.36)	(0.0, 0.29, 9.8)	(0,	3,	0,	0)	(1700355418.7722003)	(
(29)	(-0.02, 0.29, 9.44)	(-30.5, -85.0, 42.0)	(-0.003272492347489368, 0.001090830782496456, 0.0)	(360.0, 0.0, -1.6875)	(0.9998779296875, 0.01519775390625, 0.00042724609375, 0.0)	(-0.02, 0.0, -0.33)	(0.0, 0.29, 9.8)	(0,	3,	0,	0)	(1700355418.8332741)	(
(29)	(0.0, 0.3, 9.450000000000001)	(-31.1875, -85.375, 41.5625)	(0.001090830782496456, -0.002181661564992912, 0.001090830782496456)	(360.0, 0.0, -1.6875)	(0.9998779296875, 0.01519775390625, 0.00042724609375, 0.0)	(0.01, 0.0, -0.33)	(0.0, 0.29, 9.8)	(0,	3,	0,	0)	(1700355418.9135652)	(
(29)	(0.0, 0.28, 9.43)	(-29.75, -85.75, 42.75)	(-0.002181661564992912, -0.001090830782496456, 0.002181661564992912)	(360.0, 0.0, -1.6875)	(0.9998779296875, 0.01519775390625, 0.00042724609375, 0.0)	(0.0, 0.0, -0.33)	(0.0, 0.29, 9.8)	(0,	3,	0,	0)	(1700355418.9887447)	(
(29)	(0.0, 0.31, 9.450000000000001)	(-30.75, -86.0625, 41.5625)	(-0.001090830782496456, 0.002181661564992912, 0.0)	(360.0, 0.0, -1.6875)	(0.9998779296875, 0.01519775390625, 0.00042724609375, 0.0)	(0.01, 0.0, -0.33)	(0.0, 0.29, 9.8)	(0,	3,	0,	0)	(1700355419.0649905)	(
(29)	(-0.01, 0.24, 9.46)	(-30.75, -85.75, 42.75)	(-0.001090830782496456, -0.003272492347489368, 0.001090830782496456)	(360.0, 0.0, -1.6875)	(0.9998779296875, 0.01519775390625, 0.00042724609375, 0.0)	(0.01, 0.0, -0.33)	(0.0, 0.29, 9.8)	(0,	3,	0,	0)	(1700355419.1472259)	(
(29)	(0.0, 0.28, 9.450000000000001)	(-30.0625, -85.0, 42.375)	(-0.002181661564992912, -0.002181661564992912, 0.001090830782496456)	(360.0, 0.0, -1.6875)	(0.9998779296875, 0.01519775390625, 0.00042724609375, 0.0)	(0.0, 0.0, -0.34)	(0.0, 0.29, 9.8)	(0,	3,	0,	0)	(1700355419.2189574)	(
(29)	(0.0, 0.28, 9.44)	(-30.375, -85.0, 42.0)	(-0.001090830782496456, -0.001090830782496456, -0.001090830782496456)	(360.0, 0.0, -1.6875)	(0.9998779296875, 0.01519775390625, 0.00042724609375, 0.0)	(0.0, 0.0, -0.34)	(0.0, 0.29, 9.8)	(0,	3,	0,	0)	(1700355419.2829866)	(
(29)	(0.0, 0.28, 9.44)	(-30.375, -86.0625, 42.75)	(0.0, 0.0, 0.002181661564992912)	(360.0, 0.0, -1.6875)	(0.9998779296875, 0.01519775390625, 0.00042724609375, 0.0)	(0.0, 0.0, -0.33)	(0.0, 0.29, 9.8)	(0,	3,	0,	0)	(1700355419.339009)	(
(29)	(0.0, 0.3, 9.46)	(-30.75, -85.375, 41.5625)	(0.0, 0.0, 0.001090830782496456)	(360.0, 0.0, -1.6875)	(0.9998779296875, 0.01519775390625, 0.00042724609375, 0.0)	(-0.02, -0.01, -0.35000000000000003)	(0.0, 0.29, 9.8)	(0,	3,	0,	0)	(1700355419.414758)	(
(29)	(-0.01, 0.25, 9.48)	(-30.375, -85.75, 42.375)	(-0.001090830782496456, 0.003272492347489368, 0.0)	(360.0, 0.0, -1.6875)	(0.9998779296875, 0.01519775390625, 0.00042724609375, 0.0)	(-0.02, -0.01, -0.37)	(0.0, 0.29, 9.8)	(0,	3,	0,	0)	(1700355419.469627)	(
(29)	(-0.01, 0.3, 9.46)	(-30.375, -85.75, 42.375)	(0.0, -0.001090830782496456, 0.002181661564992912)	(360.0, 0.0, -1.6875)	(0.9998779296875, 0.01519775390625, 0.00042724609375, 0.0)	(0.01, -0.02, -0.35000000000000003)	(0.0, 0.29, 9.8)	(0,	3,	0,	0)	(1700355419.5456443)	(
(29)	(0.0, 0.27, 9.43)	(-30.75, -85.0, 42.0)	(0.13962634015954636, -0.003272492347489368, 0.001090830782496456)	(360.0, 0.0, -1.6875)	(0.9998779296875, 0.01519775390625, 0.00042724609375, 0.0)	(-0.01, -0.02, -0.34)	(0.0, 0.29, 9.8)	(0,	3,	0,	0)	(1700355419.6049714)	(
(29)	(-0.02, 0.28, 9.46)	(-31.1875, -85.375, 41.5625)	(0.001090830782496456, -0.001090830782496456, -0.001090830782496456)	(360.0, 0.0, -1.6875)	(0.9998779296875, 0.01519775390625, 0.00042724609375, 0.0)	(0.0, -0.02, -0.34)	(0.0, 0.29, 9.8)	(0,	3,	0,	0)	(1700355419.6753674)	(
(29)	(-0.01, 0.3, 9.42)	(-30.75, -84.5625, 41.5625)	(0.0, -0.001090830782496456, -0.001090830782496456)	(360.0, 0.0, -1.6875)	(0.9998779296875, 0.01519775390625, 0.00042724609375, 0.0)	(0.0, -0.01, -0.33)	(0.0, 0.29, 9.8)	(0,	3,	0,	0)	(1700355419.739369)	(
(29)	(-0.01, 0.27, 9.44)	(-30.375, -86.0625, 42.0)	(0.0, -0.003272492347489368, 0.001090830782496456)	(360.0, 0.0, -1.6875)	(0.9998779296875, 0.01519775390625, 0.00042724609375, 0.0)	(0.0, 0.0, -0.36)	(0.0, 0.29, 9.8)	(0,	3,	0,	0)	(1700355419.8093398)	(
(29)	(0.0, 0.27, 9.46)	(-30.75, -85.375, 41.5625)	(0.001090830782496456, 0.0, 0.0)	(360.0, 0.0, -1.6875)	(0.9998779296875, 0.01519775390625, 0.00042724609375, 0.0)	(0.01, 0.0, -0.33)	(0.0, 0.29, 9.8)	(0,	3,	0,	0)	(1700355419.8690767)	(
(29)	(-0.02, 0.28, 9.5)	(-31.1875, -85.0, 40.75)	(0.002181661564992912, 0.0, -0.002181661564992912)	(360.0, 0.0, -1.6875)	(0.9998779296875, 0.01519775390625, 0.00042724609375, 0.0)	(0.0, 0.0, -0.33)	(0.0, 0.29, 9.8)	(0,	3,	0,	0)	(1700355419.9225888)	(
(29)	(0.0, 0.28, 9.46)	(-30.75, -85.375, 42.0)	(0.0, 0.0, 0.0)	(360.0, 0.0, -1.6875)	(0.9998779296875, 0.01519775390625, 0.00042724609375, 0.0)	(0.01, 0.0, -0.32)	(0.0, 0.29, 9.8)	(0,	3,	0,	0)	(1700355419.980932)	(
(29)	(0.0, 0.26, 9.41)	(-31.5625, -85.75, 40.75)	(0.0, 0.0, -0.001090830782496456)	(360.0, 0.0, -1.6875)	(0.9998779296875, 0.01519775390625, 0.00042724609375, 0.0)	(0.01, -0.01, -0.33)	(1.28, 0.29, 9.8)	(0,	3,	0,	0)	(1700355420.0345666)	(
(29)	(0.0, 0.29, 9.49)	(-31.5625, -85.0, 41.1875)	(0.0, 0.001090830782496456, -0.002181661564992912)	(360.0, 0.0, -1.6875)	(0.9998779296875, 0.01519775390625, 0.00042724609375, 0.0)	(-0.01, -0.01, -0.35000000000000003)	(0.0, 0.29, 9.8)	(0,	3,	0,	0)	(1700355420.1074693)	(
(29)	(0.0, 0.3, 9.46)	(-30.5, -85.375, 42.0)	(0.001090830782496456, -0.003272492347489368, 0.001090830782496456)	(360.0, 0.0, -1.6875)	(0.9998779296875, 0.01519775390625, 0.00042724609375, 0.0)	(0.0, 0.0, -0.35000000000000003)	(0.0, 0.29, 9.8)	(0,	3,	0,	0)	(1700355420.1582744)	(
(29)	(0.0, 0.27, 9.450000000000001)	(-29.75, -85.0, 42.75)	(0.002181661564992912, -0.001090830782496456, -0.001090830782496456)	(360.0, 0.0, -1.6875)	(0.9998779296875, 0.01519775390625, 0.00042724609375, 0.0)	(-0.01, -0.03, -0.36)	(0.0, 0.29, 9.8)	(0,	3,	0,	0)	(1700355420.2130394)	(
(29)	(-0.01, 0.28, 9.5)	(-30.375, -86.0625, 41.5625)	(0.001090830782496456, 0.003272492347489368, -0.002181661564992912)	(360.0, 0.0, -1.6875)	(0.9998779296875, 0.01519775390625, 0.00042724609375, 0.0)	(0.02, 0.0, -0.33)	(0.0, 0.29, 9.8)	(0,	3,	0,	0)	(1700355420.2685888)	(
(29)	(0.0, 0.28, 9.450000000000001)	(-30.75, -85.0, 41.1875)	(0.0, 0.002181661564992912, -0.003272492347489368)	(360.0, 0.0, -1.6875)	(0.9998779296875, 0.01519775390625, 0.00042724609375, 0.0)	(0.0, -0.01, -0.34)	(0.0, 0.29, 9.8)	(0,	3,	0,	0)	(1700355420.3263288)	(
(29)	(0.01, 0.3, 9.44)	(-31.5625, -85.0, 42.0)	(0.001090830782496456, 0.001090830782496456, 0.002181661564992912)	(360.0, 0.0, -1.6875)	(0.9998779296875, 0.01519775390625, 0.00042724609375, 0.0)	(0.0, -0.01, -0.34)	(0.0, 0.29, 9.8)	(0,	3,	0,	0)	(1700355420.3773873)	(
(29)	(-0.01, 0.27, 9.44)	(-31.1875, -85.375, 41.5625)	(0.002181661564992912, 0.0, 0.0)	(360.0, 0.0, -1.6875)	(0.9998779296875, 0.01519775390625, 0.00042724609375, 0.0)	(0.0, 0.0, -0.34)	(0.0, 0.29, 9.8)	(0,	3,	0,	0)	(1700355420.4425817)	(
(29)	(0.0, 0.27, 9.44)	(-31.1875, -85.75, 42.0)	(0.0, 0.0, 0.0)	(360.0, 0.0, -1.6875)	(0.9998779296875, 0.01519775390625, 0.00042724609375, 0.0)	(0.0, 0.0, -0.33)	(0.0, 0.29, 9.8)	(0,	3,	0,	0)	(1700355420.5003812)	(
(29)	(-0.01, 0.29, 9.450000000000001)	(-30.75, -86.0625, 42.375)	(0.0, 0.0, 0.003272492347489368)	(360.0, 0.0, -1.6875)	(0.9998779296875, 0.01519775390625, 0.00042724609375, 0.0)	(0.0, 0.0, -0.36)	(0.0, 0.29, 9.8)	(0,	3,	0,	0)	(1700355420.5607824)	(
(29)	(0.0, 0.28, 9.450000000000001)	(-31.1875, -85.75, 41.1875)	(0.001090830782496456, -0.001090830782496456, 0.001090830782496456)	(360.0, 0.0, -1.6875)	(0.9998779296875, 0.01519775390625, 0.00042724609375, 0.0)	(0.0, -0.01, -0.36)	(0.0, 0.29, 9.8)	(0,	3,	0,	0)	(1700355420.6308346)	(
(29)	(-0.01, 0.29, 9.44)	(-30.75, -85.75, 40.75)	(0.001090830782496456, 0.0, 0.001090830782496456)	(360.0, 0.0, -1.6875)	(0.9998779296875, 0.01519775390625, 0.00042724609375, 0.0)	(0.0, 0.0, -0.34)	(0.0, 0.29, 9.8)	(0,	3,	0,	0)	(1700355420.721368)	(
(29)	(-0.02, 0.27, 9.44)	(-32.25, -85.0, 42.375)	(0.001090830782496456, 0.001090830782496456, 0.0)	(360.0, 0.0, -1.6875)	(0.9998779296875, 0.01519775390625, 0.00042724609375, 0.0)	(0.0, -0.01, -0.33)	(0.0, 0.29, 9.8)	(0,	3,	0,	0)	(1700355420.803212)	(
(29)	(0.0, 0.3, 9.46)	(-30.375, -86.0625, 42.0)	(0.001090830782496456, -0.003272492347489368, -0.001090830782496456)	(360.0, 0.0, -1.6875)	(0.9998779296875, 0.01519775390625, 0.00042724609375, 0.0)	(-0.01, -0.01, -0.34)	(0.0, 0.29, 9.8)	(0,	3,	0,	0)	(1700355420.8819609)	(
(29)	(0.0, 0.29, 9.450000000000001)	(-30.0625, -85.375, 41.5625)	(-0.001090830782496456, -0.001090830782496456, -0.001090830782496456)	(360.0, 0.0, -1.6875)	(0.9998779296875, 0.01519775390625, 0.00042724609375, 0.0)	(0.0, -0.01, -0.33)	(0.0, 0.29, 9.8)	(0,	3,	0,	0)	(1700355420.9692955)	(
(29)	(0.0, 0.27, 9.44)	(-30.75, -85.375, 41.1875)	(0.002181661564992912, 0.0, -0.002181661564992912)	(360.0, 0.0, -1.6875)	(0.9998779296875, 0.01519775390625, 0.00042724609375, 0.0)	(0.0, -0.02, -0.37)	(0.0, 0.29, 9.8)	(0,	3,	0,	0)	(1700355421.0214431)	(
(29)	(0.0, 0.29, 9.450000000000001)	(-31.1875, -86.0625, 42.0)	(0.001090830782496456, -0.003272492347489368, -0.001090830782496456)	(360.0, 0.0, -1.6875)	(0.9998779296875, 0.01519775390625, 0.00042724609375, 0.0)	(0.0, -0.02, -0.35000000000000003)	(0.0, 0.29, 9.8)	(0,	3,	0,	0)	(1700355421.0799804)	(
(29)	(0.0, 0.26, 9.43)	(-30.0625, -85.75, 42.0)	(-0.001090830782496456, -0.002181661564992912, 0.0)	(360.0, 0.0, -1.6875)	(0.9998779296875, 0.01519775390625, 0.00042724609375, 0.0)	(0.0, -0.02, -0.33)	(0.0, 0.29, 9.8)	(0,	3,	0,	0)	(1700355421.1343544)	(
(29)	(-0.02, 0.3, 9.450000000000001)	(-31.5625, -86.375, 42.0)	(0.0, -0.001090830782496456, 0.0)	(360.0, 0.0, -1.6875)	(0.9998779296875, 0.01519775390625, 0.00042724609375, 0.0)	(-0.01, 0.02, -0.34)	(0.0, 0.29, 9.8)	(0,	3,	0,	0)	(1700355421.1851077)	(
(29)	(0.01, 0.29, 9.44)	(-31.5625, -85.75, 41.5625)	(-0.001090830782496456, -0.001090830782496456, -0.002181661564992912)	(360.0, 0.0, -1.6875)	(0.9998779296875, 0.00738525390625, 0.00042724609375, 0.0)	(0.0, 0.0, -0.36)	(0.0, 0.29, 9.8)	(0,	3,	0,	0)	(1700355421.2460506)	(
(29)	(0.0, 0.26, 9.46)	(-31.5625, -85.75, 41.5625)	(0.0, -0.001090830782496456, -0.002181661564992912)	(360.0, 0.0, -1.6875)	(0.9998779296875, 0.01519775390625, 0.00042724609375, 0.0)	(0.0, 0.0, -0.34)	(0.0, 0.29, 9.8)	(0,	3,	0,	0)	(1700355421.303918)	(
(29)	(-0.03, 0.29, 9.44)	(-30.0625, -85.75, 41.5625)	(0.0, -0.001090830782496456, -0.001090830782496456)	(360.0, 0.0, -1.6875)	(0.9998779296875, 0.01519775390625, 0.00042724609375, 0.0)	(0.0, 0.0, -0.35000000000000003)	(0.0, 0.29, 9.8)	(0,	3,	0,	0)	(1700355421.3567722)	(
(29)	(0.0, 0.29, 9.450000000000001)	(-30.5, -85.375, 41.5625)	(0.0, -0.001090830782496456, 0.001090830782496456)	(360.0, 0.0, -1.6875)	(0.9998779296875, 0.01519775390625, 0.00042724609375, 0.0)	(0.01, -0.01, -0.35000000000000003)	(0.0, 0.29, 9.8)	(0,	3,	0,	0)	(1700355421.4105349)	(
(29)	(0.0, 0.28, 9.47)	(-30.75, -86.0625, 42.375)	(0.0, -0.003272492347489368, -0.001090830782496456)	(360.0, 0.0, -1.6875)	(0.9998779296875, 0.01519775390625, 0.00042724609375, 0.0)	(0.0, -0.02, -0.36)	(0.0, 0.29, 9.8)	(0,	3,	0,	0)	(1700355421.476105)	(
(29)	(-0.01, 0.29, 9.47)	(-30.375, -85.75, 41.1875)	(-0.001090830782496456, -0.001090830782496456, 0.002181661564992912)	(360.0, 0.0, -1.6875)	(0.9998779296875, 0.01519775390625, 0.00042724609375, 0.0)	(0.0, -0.02, -0.33)	(0.0, 0.29, 9.8)	(0,	3,	0,	0)	(1700355421.5392475)	(
(29)	(-0.02, 0.28, 9.47)	(-29.375, -85.375, 42.0)	(-0.002181661564992912, 0.003272492347489368, -0.001090830782496456)	(360.0, 0.0, -1.6875)	(0.9998779296875, 0.01519775390625, 0.00042724609375, 0.0)	(0.0, 0.0, -0.35000000000000003)	(0.0, 0.29, 9.8)	(0,	3,	0,	0)	(1700355421.6017115)	(
(29)	(-0.01, 0.3, 9.46)	(-30.375, -85.75, 42.75)	(0.0, 0.003272492347489368, -0.001090830782496456)	(360.0, 0.0, -1.6875)	(0.9998779296875, 0.01519775390625, 0.00042724609375, 0.0)	(0.0, 0.0, -0.35000000000000003)	(0.0, 0.29, 9.8)	(0,	3,	0,	0)	(1700355421.6658883)	(
(29)	(0.0, 0.27, 9.46)	(-30.5, -85.75, 41.5625)	(0.001090830782496456, 0.001090830782496456, 0.0)	(360.0, 0.0, -1.6875)	(0.9998779296875, 0.01519775390625, 0.00042724609375, 0.0)	(0.0, 0.02, -0.34)	(0.0, 0.29, 9.8)	(0,	3,	0,	0)	(1700355421.722861)	(
(29)	(0.0, 0.31, 9.44)	(-30.0625, -85.375, 42.375)	(-0.001090830782496456, 0.003272492347489368, 0.0)	(360.0, 0.0, -1.6875)	(0.9998779296875, 0.01519775390625, 0.00042724609375, 0.0)	(0.0, 0.0, -0.35000000000000003)	(0.0, 0.29, 9.8)	(0,	3,	0,	0)	(1700355421.7950277)	(
(29)	(1.28, 0.3, 9.46)	(-30.75, -85.75, 41.1875)	(-0.002181661564992912, 0.004363323129985824, -0.002181661564992912)	(360.0, 0.0, -1.6875)	(0.9998779296875, 0.01519775390625, 0.00042724609375, 0.0)	(-0.01, -0.02, -0.34)	(0.0, 0.29, 9.8)	(0,	3,	0,	0)	(1700355421.8611162)	(
(29)	(-0.02, 0.28, 9.46)	(-30.75, -85.375, 42.375)	(-0.001090830782496456, -0.001090830782496456, 0.001090830782496456)	(360.0, 0.0, -1.6875)	(0.9998779296875, 0.01519775390625, 0.00042724609375, 0.0)	(-0.02, 0.0, -0.34)	(0.0, 0.29, 9.8)	(0,	3,	0,	0)	(1700355421.9231956)	(
(29)	(-0.01, 0.3, 9.450000000000001)	(-30.75, -85.75, 42.0)	(-0.001090830782496456, -0.003272492347489368, 0.0)	(360.0, 0.0, -1.6875)	(0.9998779296875, 0.01519775390625, 0.00042724609375, 0.0)	(-0.01, 0.0, -0.35000000000000003)	(0.0, 0.29, 9.8)	(0,	3,	0,	0)	(1700355421.9776187)	(
(29)	(0.0, 0.27, 9.46)	(-31.1875, -85.75, 42.375)	(0.001090830782496456, -0.003272492347489368, 0.002181661564992912)	(360.0, 0.0, -1.6875)	(0.9998779296875, 0.01519775390625, 0.00042724609375, 0.0)	(0.0, 0.0, -0.35000000000000003)	(0.0, 0.29, 9.8)	(0,	3,	0,	0)	(1700355422.036369)	(
(29)	(-0.01, 0.28, 9.46)	(-31.1875, -85.75, 41.5625)	(-0.001090830782496456, 0.0, 0.001090830782496456)	(360.0, 0.0, -1.6875)	(0.9998779296875, 0.01519775390625, 0.00042724609375, 0.0)	(-0.01, -0.02, -0.35000000000000003)	(0.0, 0.29, 9.8)	(0,	3,	0,	0)	(1700355422.0890596)	(
(29)	(-0.01, 0.3, 9.46)	(-31.1875, -85.75, 42.0)	(0.0, -0.002181661564992912, -0.002181661564992912)	(360.0, 0.0, -1.6875)	(0.9998779296875, 0.01519775390625, 0.00042724609375, 0.0)	(1.3, 0.02, -0.33)	(0.0, 0.29, 9.8)	(0,	3,	0,	0)	(1700355422.151513)	(
(29)	(0.0, 0.27, 9.48)	(-31.1875, -85.75, 41.1875)	(0.002181661564992912, -0.002181661564992912, -0.001090830782496456)	(360.0, 0.0, -1.6875)	(0.9998779296875, 0.01519775390625, 0.00042724609375, 0.0)	(0.0, -0.02, -0.36)	(0.0, 0.29, 9.8)	(0,	3,	0,	0)	(1700355422.204506)	(
(29)	(-0.01, 0.29, 9.43)	(-30.0625, -85.75, 41.5625)	(-0.002181661564992912, -0.001090830782496456, 0.002181661564992912)	(360.0, 0.0, -1.6875)	(0.9998779296875, 0.01519775390625, 0.00042724609375, 0.0)	(-0.01, 0.01, -0.34)	(0.0, 0.29, 9.8)	(0,	3,	0,	0)	(1700355422.2661202)	(
(29)	(0.0, 0.28, 9.47)	(-30.0625, -85.375, 41.5625)	(0.0, -0.004363323129985824, -0.001090830782496456)	(360.0, 0.0, -1.6875)	(0.9998779296875, 0.01519775390625, 0.00042724609375, 0.0)	(0.01, 0.0, -0.34)	(0.0, 0.29, 9.8)	(0,	3,	0,	0)	(1700355422.3177423)	(
(29)	(0.0, 0.3, 9.48)	(-30.0625, -85.375, 41.5625)	(0.0, -0.006544984694978736, 0.001090830782496456)	(360.0, 0.0, -1.6875)	(0.9998779296875, 0.01519775390625, 0.00042724609375, 0.0)	(0.0, 0.01, -0.34)	(1.28, 0.29, 9.8)	(0,	3,	0,	0)	(1700355422.3758185)	(
(29)	(-0.01, 0.31, 9.44)	(-30.0625, -85.0, 42.75)	(0.0, 0.0, 0.0)	(360.0, 0.0, -1.6875)	(0.9998779296875, 0.01519775390625, 0.00042724609375, 0.0)	(-0.01, 0.01, -0.33)	(0.0, 0.29, 9.8)	(0,	3,	0,	0)	(1700355422.4277332)	(
(29)	(0.01, 0.3, 9.46)	(-30.75, -85.75, 42.0)	(0.002181661564992912, -0.001090830782496456, 0.001090830782496456)	(360.0, 0.0, -1.6875)	(0.9998779296875, 0.01519775390625, 0.00042724609375, 0.0)	(0.0, 0.0, -0.32)	(0.0, 0.29, 9.8)	(0,	3,	0,	0)	(1700355422.488596)	(
(29)	(-0.01, 0.28, 9.44)	(-30.5, -85.75, 42.0)	(0.001090830782496456, -0.001090830782496456, 0.0)	(360.0, 0.0, -1.6875)	(0.9998779296875, 0.01519775390625, 0.00042724609375, 0.0)	(0.0, -0.02, -0.34)	(0.0, 0.29, 9.8)	(0,	3,	0,	0)	(1700355422.5398731)	(
(29)	(-0.01, 0.27, 9.44)	(-30.75, -85.75, 41.1875)	(-0.001090830782496456, 0.0, 0.001090830782496456)	(360.0, 0.0, -1.6875)	(0.9998779296875, 0.01519775390625, 0.00042724609375, 0.0)	(0.0, 0.0, -0.31)	(0.0, 0.29, 9.8)	(0,	3,	0,	0)	(1700355422.6012404)	(
(29)	(0.0, 0.31, 9.42)	(-31.1875, -86.375, 42.0)	(-0.002181661564992912, 0.0, 0.001090830782496456)	(360.0, 0.0, -1.6875)	(0.9998779296875, 0.01519775390625, 0.00042724609375, 0.0)	(0.0, -0.02, -0.36)	(0.0, 0.29, 9.8)	(0,	3,	0,	0)	(1700355422.6521077)	(
(29)	(0.0, 0.27, 9.450000000000001)	(-31.1875, -86.0625, 42.375)	(0.001090830782496456, 0.001090830782496456, -0.001090830782496456)	(360.0, 0.0, -1.6875)	(0.9998779296875, 0.01519775390625, 0.00042724609375, 0.0)	(-0.01, 0.0, -0.35000000000000003)	(0.0, 0.29, 9.8)	(0,	3,	0,	0)	(1700355422.708198)	(
(29)	(0.0, 0.31, 9.49)	(-30.375, -85.75, 40.75)	(0.0, -0.002181661564992912, 0.002181661564992912)	(360.0, 0.0, -1.6875)	(0.9998779296875, 0.01519775390625, 0.00042724609375, 0.0)	(-0.01, -0.02, -0.34)	(0.0, 0.29, 9.8)	(0,	3,	0,	0)	(1700355422.759039)	(
(29)	(0.0, 0.29, 9.47)	(-30.75, -85.375, 41.5625)	(0.002181661564992912, 0.0, 0.001090830782496456)	(360.0, 0.0, -1.6875)	(0.9998779296875, 0.01519775390625, 0.00042724609375, 0.0)	(0.0, -0.01, -0.31)	(0.0, 0.29, 9.8)	(0,	3,	0,	0)	(1700355422.8173826)	(
(29)	(0.0, 0.31, 9.47)	(-31.1875, -85.75, 41.5625)	(0.0, 0.002181661564992912, 0.002181661564992912)	(360.0, 0.0, -1.6875)	(0.9998779296875, 0.01519775390625, 0.00042724609375, 0.0)	(0.0, 0.0, -0.36)	(0.0, 0.29, 9.8)	(0,	3,	0,	0)	(1700355422.8713884)	(
(29)	(-0.03, 0.28, 9.46)	(-31.1875, -85.0, 42.0)	(0.0, 0.0, -0.002181661564992912)	(360.0, 0.0, -1.6875)	(0.9998779296875, 0.01519775390625, 0.00042724609375, 0.0)	(0.0, -0.01, -0.35000000000000003)	(0.0, 0.29, 9.8)	(0,	3,	0,	0)	(1700355422.9393308)	(
(29)	(0.0, 0.29, 9.4)	(-30.375, -85.75, 41.1875)	(-0.001090830782496456, 0.003272492347489368, 0.002181661564992912)	(360.0, 0.0, -1.6875)	(0.9998779296875, 0.01519775390625, 0.00042724609375, 0.0)	(1.28, -0.01, -0.34)	(0.0, 0.29, 9.8)	(0,	3,	0,	0)	(1700355423.0094738)	(
(29)	(-0.01, 0.29, 9.49)	(-31.5625, -85.75, 42.375)	(0.0, -0.001090830782496456, 0.0)	(360.0, 0.0, -1.6875)	(0.9998779296875, 0.01519775390625, 0.00042724609375, 0.0)	(0.0, 0.0, -0.34)	(0.0, 0.29, 9.8)	(0,	3,	0,	0)	(1700355423.077073)	(
(29)	(0.0, 0.26, 9.47)	(-30.375, -85.75, 42.0)	(0.003272492347489368, -0.001090830782496456, -0.001090830782496456)	(360.0, 0.0, -1.6875)	(0.9998779296875, 0.01519775390625, 0.00042724609375, 0.0)	(0.0, 0.0, -0.34)	(0.0, 0.29, 9.8)	(0,	3,	0,	0)	(1700355423.1457748)	(
(29)	(-0.01, 0.26, 9.42)	(-31.1875, -85.0, 42.375)	(0.0, 0.001090830782496456, -0.002181661564992912)	(360.0, 0.0, -1.6875)	(0.9998779296875, 0.01519775390625, 0.00042724609375, 0.0)	(-0.01, 0.0, -0.34)	(0.0, 0.29, 9.8)	(0,	3,	0,	0)	(1700355423.2005818)	(
(29)	(0.0, 0.28, 9.44)	(-30.75, -85.375, 41.1875)	(-0.001090830782496456, 0.0, 0.001090830782496456)	(360.0, 0.0, -1.6875)	(0.9998779296875, 0.01519775390625, 0.00042724609375, 0.0)	(-0.01, -0.02, -0.37)	(0.0, 0.29, 9.8)	(0,	3,	0,	0)	(1700355423.2599633)	(
(29)	(0.01, 0.27, 9.47)	(-29.75, -85.375, 42.0)	(-0.001090830782496456, 0.0, -0.001090830782496456)	(360.0, 0.0, -1.6875)	(0.9998779296875, 0.01519775390625, 0.00042724609375, 0.0)	(-0.01, -0.01, -0.33)	(0.0, 0.29, 9.8)	(0,	3,	0,	0)	(1700355423.3339844)	(
(29)	(0.0, 0.29, 9.47)	(-30.75, -85.0, 42.375)	(0.0, 0.0, 0.0)	(360.0, 0.0, -1.6875)	(0.9998779296875, 0.01519775390625, 0.00042724609375, 0.0)	(-0.01, 0.0, -0.34)	(0.0, 0.29, 9.8)	(0,	3,	0,	0)	(1700355423.413271)	(
(29)	(0.0, 0.27, 9.47)	(-30.75, -85.375, 42.0)	(0.0, 0.001090830782496456, 0.0)	(360.0, 0.0, -1.6875)	(0.9998779296875, 0.01519775390625, 0.00042724609375, 0.0)	(0.01, -0.02, -0.33)	(0.0, 0.29, 9.8)	(0,	3,	0,	0)	(1700355423.497033)	(
(29)	(-0.01, 0.31, 9.42)	(-30.75, -86.0625, 41.25)	(0.001090830782496456, -0.001090830782496456, 0.001090830782496456)	(360.0, 0.0, -1.6875)	(0.9998779296875, 0.01519775390625, 0.00042724609375, 0.0)	(0.0, 0.02, -0.34)	(0.0, 0.29, 9.8)	(0,	3,	0,	0)	(1700355423.5560331)	(
(29)	(-0.02, 0.27, 9.42)	(-30.0625, -85.375, 41.5625)	(0.0, -0.002181661564992912, 0.001090830782496456)	(360.0, 0.0, -1.6875)	(0.9998779296875, 0.01519775390625, 0.00042724609375, 0.0)	(0.01, -0.02, -0.36)	(0.0, 0.29, 9.8)	(0,	3,	0,	0)	(1700355423.610566)	(
(29)	(0.0, 0.28, 9.450000000000001)	(-30.75, -86.0625, 42.375)	(0.001090830782496456, 0.001090830782496456, 0.0)	(360.0, 0.0, -1.6875)	(0.9998779296875, 0.01519775390625, 0.00042724609375, 0.0)	(0.0, 0.0, -0.33)	(0.0, 0.29, 9.8)	(0,	3,	0,	0)	(1700355423.6836662)	(
(29)	(-0.01, 0.31, 9.47)	(-30.0625, -85.375, 42.0)	(-0.002181661564992912, -0.001090830782496456, 0.002181661564992912)	(360.0, 0.0, -1.6875)	(0.9998779296875, 0.01519775390625, 0.00042724609375, 0.0)	(0.01, -0.02, -0.34)	(0.0, 0.29, 9.8)	(0,	3,	0,	0)	(1700355423.743474)	(
(29)	(0.0, 0.31, 9.450000000000001)	(-29.375, -85.375, 42.375)	(0.001090830782496456, 0.003272492347489368, 0.0)	(360.0, 0.0, -1.6875)	(0.9998779296875, 0.01519775390625, 0.00042724609375, 0.0)	(0.0, 0.0, -0.34)	(0.0, 0.29, 9.8)	(0,	3,	0,	0)	(1700355423.8041744)	(
(29)	(0.0, 0.27, 9.44)	(-30.75, -85.6875, 42.0)	(-0.001090830782496456, -0.001090830782496456, -0.002181661564992912)	(360.0, 0.0, -1.6875)	(0.9998779296875, 0.01519775390625, 0.00042724609375, 0.0)	(0.0, -0.02, -0.34)	(0.0, 0.29, 9.8)	(0,	3,	0,	0)	(1700355423.8633904)	(
(29)	(-0.01, 0.29, 9.47)	(-30.375, -85.375, 42.0)	(0.001090830782496456, -0.002181661564992912, -0.003272492347489368)	(360.0, 0.0, -1.6875)	(0.9998779296875, 0.01519775390625, 0.00042724609375, 0.0)	(-0.01, 0.0, -0.35000000000000003)	(0.0, 0.29, 9.8)	(0,	3,	0,	0)	(1700355423.9289281)	(
(29)	(-0.02, 0.3, 9.44)	(-30.75, -85.375, 41.5625)	(0.001090830782496456, 0.001090830782496456, 0.002181661564992912)	(360.0, 0.0, -1.6875)	(0.9998779296875, 0.01519775390625, 0.00042724609375, 0.0)	(0.0, 0.0, -0.34)	(0.0, 0.29, 9.8)	(0,	3,	0,	0)	(1700355423.9911916)	(
(29)	(0.0, 0.31, 9.44)	(-30.75, -85.75, 40.75)	(0.0, 0.001090830782496456, 0.0)	(360.0, 0.0, -1.6875)	(0.9998779296875, 0.01519775390625, 0.00042724609375, 0.0)	(0.01, -0.03, -0.34)	(0.0, 0.29, 9.8)	(0,	3,	0,	0)	(1700355424.0547595)	(
(29)	(0.0, 0.26, 9.46)	(-29.75, -85.75, 41.5625)	(0.001090830782496456, 0.0, 0.001090830782496456)	(360.0, 0.0, -1.6875)	(0.9998779296875, 0.01519775390625, 0.00042724609375, 0.0)	(-0.01, -0.02, -0.33)	(0.0, 0.29, 9.8)	(0,	3,	0,	0)	(1700355424.1090977)	(
(29)	(0.0, 0.29, 9.46)	(-30.75, -85.0, 41.25)	(0.13962634015954636, 0.0, -0.001090830782496456)	(360.0, 0.0, -1.6875)	(0.9998779296875, 0.01519775390625, 0.00042724609375, 0.0)	(0.0, -0.01, -0.33)	(0.0, 0.29, 9.8)	(2,	3,	0,	0)	(1700355424.166014)	(
(29)	(0.0, 0.27, 9.47)	(-29.75, -85.0, 42.0)	(0.001090830782496456, 0.0, 0.002181661564992912)	(360.0, 0.0, -1.6875)	(0.9998779296875, 0.01519775390625, 0.00042724609375, 0.0)	(-0.02, -0.01, -0.33)	(0.0, 0.29, 9.8)	(0,	3,	0,	0)	(1700355424.2344031)	(
(29)	(-0.01, 0.31, 9.49)	(-30.75, -85.75, 42.75)	(0.0, 0.0, 0.0)	(360.0, 0.0, -1.6875)	(0.9998779296875, 0.01519775390625, 0.00042724609375, 0.0)	(0.0, 0.0, -0.34)	(0.0, 0.29, 9.8)	(0,	3,	0,	0)	(1700355424.295638)	(
(29)	(0.0, 0.29, 9.42)	(-30.5, -85.0, 41.1875)	(0.0, -0.002181661564992912, -0.001090830782496456)	(360.0, 0.0, -1.6875)	(0.9998779296875, 0.01519775390625, 0.00042724609375, 0.0)	(0.02, 0.0, -0.3)	(0.0, 0.29, 9.8)	(0,	3,	0,	0)	(1700355424.3590322)	(
(29)	(-0.01, 0.28, 9.47)	(-31.1875, -85.0, 41.5625)	(0.001090830782496456, 0.0, 0.001090830782496456)	(360.0, 0.0, -1.6875)	(0.9998779296875, 0.01519775390625, 0.00042724609375, 0.0)	(0.0, 0.01, -0.34)	(0.0, 0.29, 9.8)	(0,	3,	0,	0)	(1700355424.4187684)	(
(29)	(0.0, 0.29, 9.47)	(-31.1875, -85.0, 42.0)	(0.0, -0.001090830782496456, 0.001090830782496456)	(360.0, 0.0, -1.6875)	(0.9998779296875, 0.01519775390625, 0.00042724609375, 0.0)	(-0.01, -0.01, -0.37)	(0.0, 0.29, 9.8)	(0,	3,	0,	0)	(1700355424.4740217)	(
(29)	(0.0, 0.3, 9.46)	(-30.5, -85.75, 42.0)	(-0.002181661564992912, -0.001090830782496456, -0.001090830782496456)	(360.0, 0.0, -1.6875)	(0.9998779296875, 0.01519775390625, 0.00042724609375, 0.0)	(-0.02, -0.02, -0.36)	(0.0, 0.29, 9.8)	(0,	3,	0,	0)	(1700355424.5430865)	(
(29)	(0.0, 0.3, 9.43)	(-30.75, -85.375, 42.375)	(0.001090830782496456, 0.0, 0.0)	(360.0, 0.0, -1.6875)	(0.9998779296875, 0.01519775390625, 0.00042724609375, 0.0)	(0.01, 0.0, -0.32)	(0.0, 0.29, 9.8)	(0,	3,	0,	0)	(1700355424.596115)	(
(29)	(-0.01, 0.28, 9.47)	(-30.75, -85.75, 42.0)	(0.0, -0.003272492347489368, 0.001090830782496456)	(360.0, 0.0, -1.6875)	(0.9998779296875, 0.01519775390625, 0.00042724609375, 0.0)	(0.0, 0.0, -0.35000000000000003)	(0.0, 0.29, 9.8)	(0,	3,	0,	0)	(1700355424.6792238)	(
(29)	(-0.01, 0.27, 9.49)	(-31.1875, -85.375, 42.375)	(0.0, 0.002181661564992912, 0.0)	(360.0, 0.0, -1.6875)	(0.9998779296875, 0.01519775390625, 0.00042724609375, 0.0)	(-0.02, 0.0, -0.34)	(0.0, 0.29, 9.8)	(0,	3,	0,	0)	(1700355424.7357168)	(
(29)	(0.0, 0.29, 9.47)	(-31.1875, -85.375, 40.75)	(0.002181661564992912, -0.002181661564992912, 0.002181661564992912)	(360.0, 0.0, -1.6875)	(0.9998779296875, 0.01519775390625, 0.00042724609375, 0.0)	(0.0, 0.0, -0.34)	(0.0, 0.29, 9.8)	(0,	3,	0,	0)	(1700355424.797984)	(
(29)	(0.0, 0.3, 9.43)	(-30.0625, -85.75, 42.75)	(0.0, 0.0, 0.001090830782496456)	(360.0, 0.0, -1.6875)	(0.9998779296875, 0.01519775390625, 0.00042724609375, 0.0)	(0.01, -0.03, -0.34)	(0.0, 0.29, 9.8)	(0,	3,	0,	0)	(1700355424.8510268)	(
(29)	(0.01, 0.3, 9.44)	(-31.1875, -85.75, 41.5625)	(-0.001090830782496456, -0.001090830782496456, 0.001090830782496456)	(360.0, 0.0, -1.6875)	(0.9998779296875, 0.01519775390625, 0.00042724609375, 0.0)	(0.0, 0.0, -0.31)	(0.0, 0.29, 9.8)	(0,	3,	0,	0)	(1700355424.9101455)	(
(29)	(-0.01, 0.28, 9.450000000000001)	(-30.0625, -85.375, 40.75)	(-0.001090830782496456, 0.002181661564992912, 0.002181661564992912)	(360.0, 0.0, -1.6875)	(0.9998779296875, 0.01519775390625, 0.00042724609375, 0.0)	(0.0, 0.0, -0.34)	(0.0, 0.29, 9.8)	(0,	3,	0,	0)	(1700355424.964863)	(
(29)	(0.0, 0.27, 9.46)	(-31.1875, -85.375, 42.0)	(0.001090830782496456, -0.001090830782496456, 0.001090830782496456)	(360.0, 0.0, -1.6875)	(0.9998779296875, 0.01519775390625, 0.00042724609375, 0.0)	(0.0, -0.01, -0.32)	(0.0, 0.29, 9.8)	(0,	3,	0,	0)	(1700355425.0202053)	(
(29)	(-0.01, 0.28, 9.42)	(-30.75, -84.5625, 42.0)	(0.0, -0.001090830782496456, -0.002181661564992912)	(360.0, 0.0, -1.6875)	(0.9998779296875, 0.01519775390625, 0.00042724609375, 0.0)	(0.0, 0.0, -0.37)	(0.0, 0.29, 9.8)	(0,	3,	0,	0)	(1700355425.0778825)	(
(29)	(0.0, 0.29, 9.47)	(-30.375, -85.0, 42.0)	(0.0, 0.001090830782496456, -0.002181661564992912)	(360.0, 0.0, -1.6875)	(0.9998779296875, 0.01519775390625, 0.00042724609375, 0.0)	(0.01, -0.02, -0.36)	(0.0, 0.29, 9.8)	(0,	3,	0,	0)	(1700355425.131857)	(
(29)	(0.0, 0.28, 9.46)	(-31.1875, -85.375, 42.375)	(-0.001090830782496456, -0.001090830782496456, 0.0)	(360.0, 0.0, -1.6875)	(0.9998779296875, 0.01519775390625, 0.00042724609375, 0.0)	(0.0, -0.01, -0.34)	(0.0, 0.29, 9.8)	(0,	3,	0,	0)	(1700355425.1992006)	(
(29)	(0.0, 0.3, 9.44)	(-30.375, -86.0625, 42.0)	(0.0, 0.003272492347489368, -0.002181661564992912)	(360.0, 0.0, -1.6875)	(0.9998779296875, 0.01519775390625, 0.00042724609375, 0.0)	(0.01, 0.0, -0.37)	(0.0, 0.29, 9.8)	(0,	3,	0,	0)	(1700355425.2758322)	(
(29)	(0.0, 0.31, 9.47)	(-30.0625, -85.75, 42.375)	(0.0, -0.001090830782496456, -0.001090830782496456)	(360.0, 0.0, -1.6875)	(0.9998779296875, 0.01519775390625, 0.00042724609375, 0.0)	(0.0, 0.01, -0.33)	(0.0, 0.29, 9.8)	(0,	3,	0,	0)	(1700355425.3353627)	(
(29)	(0.0, 0.28, 9.48)	(-31.5625, -85.75, 41.1875)	(0.0, 0.001090830782496456, 0.0)	(360.0, 0.0, -1.6875)	(0.9998779296875, 0.01519775390625, 0.00042724609375, 0.0)	(0.02, -0.02, -0.34)	(0.0, 0.29, 9.8)	(0,	3,	0,	0)	(1700355425.410962)	(
(29)	(-0.01, 0.3, 9.44)	(-30.75, -85.0, 42.375)	(0.0, -0.001090830782496456, 0.001090830782496456)	(360.0, 0.0, -1.6875)	(0.9998779296875, 0.01519775390625, 0.00042724609375, 0.0)	(0.0, -0.02, -0.34)	(0.0, 0.29, 9.8)	(0,	3,	0,	0)	(1700355425.491928)	(
(29)	(0.0, 0.3, 9.44)	(-31.1875, -85.375, 40.375)	(0.0, 0.0, 0.0)	(360.0, 0.0, -1.6875)	(0.9998779296875, 0.01519775390625, 0.00042724609375, 0.0)	(0.01, 0.0, -0.35000000000000003)	(0.0, 0.29, 9.8)	(0,	3,	0,	0)	(1700355425.560099)	(
(29)	(0.0, 0.28, 9.46)	(-29.75, -85.375, 40.75)	(-0.001090830782496456, 0.003272492347489368, 0.0)	(360.0, 0.0, -1.6875)	(0.9998779296875, 0.01519775390625, 0.00042724609375, 0.0)	(0.01, -0.01, -0.37)	(0.0, 0.29, 9.8)	(0,	3,	0,	0)	(1700355425.6345952)	(
(29)	(-0.02, 0.29, 9.450000000000001)	(-30.0625, -86.375, 40.75)	(0.001090830782496456, -0.001090830782496456, 0.001090830782496456)	(360.0, 0.0, -1.6875)	(0.9998779296875, 0.01519775390625, 0.00042724609375, 0.0)	(0.0, 0.0, -0.33)	(0.0, 0.29, 9.8)	(0,	3,	0,	0)	(1700355425.6913073)	(
(29)	(0.0, 0.28, 9.48)	(-31.5625, -85.375, 42.375)	(0.0, 0.0, 0.001090830782496456)	(360.0, 0.0, -1.6875)	(0.9998779296875, 0.01519775390625, 0.00042724609375, 0.0)	(0.0, -0.01, -0.36)	(0.0, 0.29, 9.8)	(0,	3,	0,	0)	(1700355425.7647388)	(
(29)	(0.0, 0.28, 9.47)	(-30.0625, -85.75, 42.0)	(0.001090830782496456, -0.003272492347489368, 0.001090830782496456)	(360.0, 0.0, -1.6875)	(0.9998779296875, 0.01519775390625, 0.00042724609375, 0.0)	(0.0, -0.04, -0.35000000000000003)	(0.0, 0.29, 9.8)	(0,	3,	0,	0)	(1700355425.8252118)	(
(29)	(0.0, 0.29, 9.43)	(-30.0625, -85.0, 42.0)	(0.0, -0.002181661564992912, 0.001090830782496456)	(360.0, 0.0, -1.6875)	(0.9998779296875, 0.01519775390625, 0.00042724609375, 0.0)	(-0.02, 0.0, -0.35000000000000003)	(0.0, 0.29, 9.8)	(0,	3,	0,	0)	(1700355425.9051971)	(
(29)	(0.0, 0.3, 9.41)	(-30.75, -85.75, 42.0)	(-0.001090830782496456, 0.001090830782496456, -0.001090830782496456)	(360.0, 0.0, -1.6875)	(0.9998779296875, 0.01519775390625, 0.00042724609375, 0.0)	(0.0, 0.0, -0.34)	(0.0, 0.29, 9.8)	(0,	3,	0,	0)	(1700355425.9596574)	(
(29)	(0.01, 0.32, 9.450000000000001)	(-30.75, -85.75, 42.75)	(0.0, 0.003272492347489368, 0.0)	(360.0, 0.0, -1.6875)	(0.9998779296875, 0.01519775390625, 0.00042724609375, 0.0)	(0.01, 0.0, -0.34)	(0.0, 0.29, 9.8)	(0,	3,	0,	0)	(1700355426.0304468)	(
(29)	(0.0, 0.29, 9.46)	(-30.5, -85.75, 42.375)	(0.0, 0.002181661564992912, -0.002181661564992912)	(360.0, 0.0, -1.6875)	(0.9998779296875, 0.01519775390625, 0.00042724609375, 0.0)	(0.0, 0.0, -0.34)	(0.0, 0.29, 9.8)	(0,	3,	0,	0)	(1700355426.0843358)	(
(29)	(0.0, 0.27, 9.47)	(-30.0625, -85.375, 42.0)	(-0.001090830782496456, 0.004363323129985824, 0.002181661564992912)	(360.0, 0.0, -1.6875)	(0.9998779296875, 0.01519775390625, 0.00042724609375, 0.0)	(0.0, 0.0, -0.34)	(0.0, 0.29, 9.8)	(0,	3,	0,	0)	(1700355426.1499555)	(
(29)	(0.01, 0.27, 9.44)	(-30.75, -85.0, 41.1875)	(-0.001090830782496456, 0.003272492347489368, 0.004363323129985824)	(360.0, 0.0, -1.6875)	(0.9998779296875, 0.01519775390625, 0.00042724609375, 0.0)	(0.0, -0.01, -0.36)	(0.0, 0.29, 9.8)	(0,	3,	0,	0)	(1700355426.2211196)	(
(29)	(0.0, 0.27, 9.46)	(-30.0625, -85.75, 41.1875)	(0.0, -0.001090830782496456, 0.003272492347489368)	(360.0, 0.0, -1.6875)	(0.9998779296875, 0.01519775390625, 0.00042724609375, 0.0)	(-0.02, -0.01, -0.32)	(0.0, 0.29, 9.8)	(0,	3,	0,	0)	(1700355426.2931263)	(
(29)	(0.0, 0.27, 9.46)	(-29.375, -85.375, 42.0)	(-0.001090830782496456, 0.002181661564992912, -0.001090830782496456)	(360.0, 0.0, -1.6875)	(0.9998779296875, 0.01519775390625, 0.00042724609375, 0.0)	(0.0, 0.0, -0.34)	(0.0, 0.29, 9.8)	(0,	3,	0,	0)	(1700355426.363554)	(
(29)	(0.0, 0.27, 9.46)	(-30.75, -86.0625, 42.375)	(0.0, -0.001090830782496456, -0.001090830782496456)	(360.0, 0.0, -1.6875)	(0.9998779296875, 0.01519775390625, 0.00042724609375, 0.0)	(-0.01, 0.0, -0.33)	(0.0, 0.29, 9.8)	(0,	3,	0,	0)	(1700355426.441498)	(
(29)	(-0.01, 0.3, 9.47)	(-30.0625, -85.375, 43.1875)	(0.001090830782496456, 0.0, 0.0)	(360.0, 0.0, -1.6875)	(0.9998779296875, 0.01519775390625, 0.00042724609375, 0.0)	(0.0, 0.0, -0.37)	(0.0, 0.29, 9.8)	(0,	3,	0,	0)	(1700355426.515364)	(
(29)	(-0.01, 0.29, 9.44)	(-30.75, -85.375, 42.375)	(-0.002181661564992912, -0.004363323129985824, -0.001090830782496456)	(360.0, 0.0, -1.6875)	(0.9998779296875, 0.01519775390625, 0.00042724609375, 0.0)	(0.0, -0.01, -0.37)	(0.0, 0.29, 9.8)	(0,	3,	0,	0)	(1700355426.581448)	(
(29)	(0.0, 0.29, 9.450000000000001)	(-30.75, -85.75, 41.5625)	(-0.001090830782496456, -0.001090830782496456, -0.001090830782496456)	(360.0, 0.0, -1.6875)	(0.9998779296875, 0.01519775390625, 0.00042724609375, 0.0)	(0.0, 0.0, -0.34)	(0.0, 0.29, 9.8)	(0,	3,	0,	0)	(1700355426.6423132)	(
(29)	(0.0, 0.29, 9.47)	(-30.375, -85.375, 42.0)	(-0.001090830782496456, 0.001090830782496456, -0.001090830782496456)	(360.0, 0.0, -1.6875)	(0.9998779296875, 0.01519775390625, 0.00042724609375, 0.0)	(0.0, -0.01, -0.34)	(0.0, 0.29, 9.8)	(0,	3,	0,	0)	(1700355426.6942337)	(
(29)	(0.0, 0.29, 9.47)	(-30.0625, -85.375, 41.5625)	(0.0, 0.001090830782496456, -0.003272492347489368)	(360.0, 0.0, -1.6875)	(0.9998779296875, 0.01519775390625, 0.00042724609375, 0.0)	(0.01, 0.01, -0.35000000000000003)	(0.0, 0.29, 9.8)	(0,	3,	0,	0)	(1700355426.7473214)	(
(29)	(0.0, 0.28, 9.46)	(-30.75, -85.75, 42.0)	(0.0, 0.002181661564992912, -0.001090830782496456)	(360.0, 0.0, -1.6875)	(0.9998779296875, 0.01519775390625, 0.00042724609375, 0.0)	(0.0, -0.01, -0.34)	(0.0, 0.29, 9.8)	(0,	3,	0,	0)	(1700355426.7999)	(
(29)	(0.0, 0.3, 9.4)	(-30.0625, -86.0625, 40.75)	(0.0, 0.0, -0.002181661564992912)	(360.0, 0.0, -1.6875)	(0.9998779296875, 0.01519775390625, 0.00042724609375, 0.0)	(-0.01, -0.02, -0.34)	(0.0, 0.29, 9.8)	(0,	3,	0,	0)	(1700355426.8556848)	(
(29)	(0.0, 0.28, 9.43)	(-30.5, -85.75, 42.75)	(0.001090830782496456, 0.003272492347489368, -0.001090830782496456)	(360.0, 0.0, -1.6875)	(0.9998779296875, 0.01519775390625, 0.00042724609375, 0.0)	(0.01, 0.02, -0.34)	(0.0, 0.29, 9.8)	(0,	3,	0,	0)	(1700355426.9099584)	(
(29)	(-0.01, 0.29, 9.43)	(-30.0625, -86.0625, 42.375)	(0.002181661564992912, 0.0, 0.001090830782496456)	(360.0, 0.0, -1.6875)	(0.9998779296875, 0.01519775390625, 0.00042724609375, 0.0)	(-0.01, 0.0, -0.32)	(0.0, 0.29, 9.8)	(0,	3,	0,	0)	(1700355426.9739995)	(
(29)	(-0.01, 0.29, 9.46)	(-30.75, -85.75, 41.5625)	(-0.001090830782496456, 0.002181661564992912, 0.001090830782496456)	(360.0, 0.0, -1.6875)	(0.9998779296875, 0.01519775390625, 0.00042724609375, 0.0)	(0.0, 0.0, -0.37)	(0.0, 0.29, 9.8)	(0,	3,	0,	0)	(1700355427.035389)	(
(29)	(0.0, 0.25, 9.450000000000001)	(-30.5, -85.0, 42.375)	(0.0, 0.002181661564992912, -0.002181661564992912)	(360.0, 0.0, -1.6875)	(0.9998779296875, 0.01519775390625, 0.00042724609375, 0.0)	(0.02, 0.01, -0.34)	(0.0, 0.29, 9.8)	(0,	3,	0,	0)	(1700355427.0870147)	(
(29)	(0.0, 0.29, 9.46)	(-30.0625, -85.375, 42.375)	(0.0, -0.001090830782496456, 0.001090830782496456)	(360.0, 0.0, -1.6875)	(0.9998779296875, 0.01519775390625, 0.00042724609375, 0.0)	(0.0, -0.01, -0.36)	(0.0, 0.29, 9.8)	(0,	3,	0,	0)	(1700355427.1462667)	(
(29)	(0.0, 0.26, 9.43)	(-30.0625, -85.0, 41.5625)	(-0.001090830782496456, 0.003272492347489368, 0.002181661564992912)	(360.0, 0.0, -1.6875)	(0.9998779296875, 0.01519775390625, 0.00042724609375, 0.0)	(0.0, -0.01, -0.33)	(0.0, 0.29, 9.8)	(0,	3,	0,	0)	(1700355427.199705)	(
(29)	(0.0, 0.29, 9.44)	(-30.0625, -86.0625, 41.5625)	(-0.001090830782496456, -0.001090830782496456, 0.001090830782496456)	(360.0, 0.0, -1.6875)	(0.9998779296875, 0.01519775390625, 0.00042724609375, 0.0)	(0.0, -0.01, -0.34)	(0.0, 0.29, 9.8)	(0,	3,	0,	0)	(1700355427.261077)	(
(29)	(0.0, 0.29, 9.450000000000001)	(-30.5, -85.375, 42.375)	(0.0, -0.004363323129985824, 0.001090830782496456)	(360.0, 0.0, -1.6875)	(0.9998779296875, 0.01519775390625, 0.00042724609375, 0.0)	(0.0, -0.02, -0.34)	(0.0, 0.29, 9.8)	(0,	3,	0,	0)	(1700355427.3120353)	(
(29)	(0.0, 0.28, 9.46)	(-30.0625, -85.75, 41.25)	(0.001090830782496456, 0.0, -0.002181661564992912)	(360.0, 0.0, -1.6875)	(0.9998779296875, 0.01519775390625, 0.00042724609375, 0.0)	(0.0, -0.01, -0.34)	(0.0, 0.29, 9.8)	(0,	3,	0,	0)	(1700355427.370673)	(
(29)	(0.0, 0.28, 9.41)	(-30.75, -85.375, 42.0)	(0.0, -0.002181661564992912, 0.0)	(360.0, 0.0, -1.6875)	(0.9998779296875, 0.01519775390625, 0.00042724609375, 0.0)	(0.01, 0.0, -0.33)	(0.0, 0.29, 9.8)	(0,	3,	0,	0)	(1700355427.4266598)	(
(29)	(0.0, 0.27, 9.48)	(-30.5, -85.75, 42.0)	(-0.001090830782496456, -0.001090830782496456, 0.001090830782496456)	(360.0, 0.0, -1.6875)	(0.9998779296875, 0.01519775390625, 0.00042724609375, 0.0)	(0.01, 0.0, -0.35000000000000003)	(0.0, 0.29, 9.8)	(0,	3,	0,	0)	(1700355427.4828002)	(
(29)	(-0.01, 0.29, 9.450000000000001)	(-30.5, -85.375, 41.25)	(-0.002181661564992912, 0.001090830782496456, 0.0)	(360.0, 0.0, -1.6875)	(0.9998779296875, 0.01519775390625, 0.00042724609375, 0.0)	(0.01, 0.0, -0.34)	(1.28, 0.29, 9.8)	(0,	3,	0,	0)	(1700355427.5473135)	(
(29)	(0.0, 0.29, 9.48)	(-30.5, -86.0625, 41.1875)	(0.0, -0.002181661564992912, 0.002181661564992912)	(360.0, 0.0, -1.6875)	(0.9998779296875, 0.01519775390625, 0.00042724609375, 0.0)	(0.0, -0.02, -0.34)	(0.0, 0.29, 9.8)	(0,	3,	0,	0)	(1700355427.610584)	(
(29)	(0.0, 0.29, 9.44)	(-30.75, -85.75, 41.1875)	(0.001090830782496456, 0.004363323129985824, 0.0)	(360.0, 0.0, -1.6875)	(0.9998779296875, 0.01519775390625, 0.00042724609375, 0.0)	(0.01, -0.01, -0.34)	(0.0, 0.29, 9.8)	(0,	3,	0,	0)	(1700355427.6751018)	(
(29)	(0.0, 0.29, 9.44)	(-30.75, -85.75, 42.375)	(-0.001090830782496456, 0.0, 0.001090830782496456)	(360.0, 0.0, -1.6875)	(0.9998779296875, 0.01519775390625, 0.00042724609375, 0.0)	(0.0, 0.0, -0.34)	(0.0, 0.29, 9.8)	(0,	3,	0,	0)	(1700355427.754492)	(
(29)	(0.0, 0.3, 9.43)	(-30.0625, -86.0625, 41.1875)	(-0.001090830782496456, 0.0, 0.001090830782496456)	(360.0, 0.0, -1.6875)	(0.9998779296875, 0.01519775390625, 0.00042724609375, 0.0)	(0.0, -0.02, -0.33)	(0.0, 0.29, 9.8)	(0,	3,	0,	0)	(1700355427.811034)	(
(29)	(0.0, 0.3, 9.44)	(-30.375, -86.0625, 42.375)	(-0.002181661564992912, 0.001090830782496456, 0.0)	(360.0, 0.0, -1.6875)	(0.9998779296875, 0.01519775390625, 0.00042724609375, 0.0)	(0.01, 0.0, -0.31)	(0.0, 0.29, 9.8)	(0,	3,	0,	0)	(1700355427.875763)	(
