Temp (c), Acc
(29)	(-0.01, 0.3, 9.450000000000001)	(-30.75, -87.1875, 40.75)	(-0.002181661564992912, 0.0, 0.002181661564992912)	(0.0, 0.0, 0.0)	(0.0, 0.0, 0.0, 0.0)	(0.0, 0.0, 0.0)	(0.0, 0.0, 0.0)	(0,	0,	0,	0)	(1700357101.0897129)	(
(29)	(0.0, 0.3, 9.44)	(-30.75, -87.1875, 40.75)	(0.001090830782496456, -0.002181661564992912, -0.001090830782496456)	(0.0, 0.0, 0.0)	(1.0, 0.0, 0.0, 0.0)	(0.0, 0.27, -0.34)	(0.0, 0.0, 9.8)	(0,	0,	0,	0)	(1700357101.1443472)	(
(29)	(-0.01, 0.3, 9.42)	(-31.1875, -87.5625, 40.375)	(0.0, -0.002181661564992912, -0.002181661564992912)	(0.0, 0.0, -1.75)	(0.9998779296875, 0.01544189453125, 0.0, 0.0)	(0.0, -0.01, -0.34)	(0.0, 0.3, 9.8)	(0,	0,	0,	0)	(1700357101.2025526)	(
(29)	(-0.01, 0.26, 9.41)	(-30.75, -87.1875, 41.5625)	(-0.001090830782496456, -0.003272492347489368, -0.002181661564992912)	(0.0, 0.0, -1.75)	(0.9998779296875, 0.01544189453125, 0.0, 0.0)	(-0.01, 0.0, -0.34)	(0.0, 0.3, 9.8)	(0,	0,	0,	0)	(1700357101.258315)	(
(29)	(0.0, 0.28, 9.46)	(-30.5, -87.1875, 42.0)	(-0.001090830782496456, 0.0, -0.001090830782496456)	(0.0, 0.0, -1.75)	(0.9998779296875, 0.01544189453125, 0.0, 0.0)	(0.0, -0.02, -0.32)	(0.0, 0.3, 9.8)	(0,	0,	0,	0)	(1700357101.3130758)	(
(29)	(0.0, 0.26, 9.44)	(-30.5, -86.375, 40.75)	(-0.001090830782496456, -0.002181661564992912, 0.002181661564992912)	(0.0, 0.0, -1.75)	(0.9998779296875, 0.01544189453125, 0.0, 0.0)	(0.0, -0.02, -0.34)	(1.28, 0.3, 9.8)	(0,	0,	0,	0)	(1700357101.3651013)	(
(29)	(-0.01, 0.29, 9.44)	(-31.1875, -86.0625, 41.5625)	(-0.002181661564992912, 0.0, -0.001090830782496456)	(0.0, 0.0, -1.75)	(0.9998779296875, 0.01544189453125, 6.103515625e-05, 0.0)	(0.0, 0.0, -0.35000000000000003)	(0.0, 0.3, 9.8)	(0,	0,	0,	0)	(1700357101.431288)	(
(29)	(0.0, 0.3, 9.46)	(-30.0625, -86.0625, 42.0)	(-0.001090830782496456, -0.001090830782496456, -0.001090830782496456)	(0.0, 0.0, -1.75)	(0.9998779296875, 0.01544189453125, 6.103515625e-05, 0.0)	(0.0, -0.02, -0.34)	(0.0, 0.3, 9.8)	(0,	0,	0,	0)	(1700357101.4913223)	(
(29)	(-0.01, 0.3, 9.47)	(-31.1875, -86.75, 42.375)	(-0.001090830782496456, -0.001090830782496456, -0.001090830782496456)	(0.0, 0.0, -1.75)	(0.9998779296875, 0.01544189453125, 6.103515625e-05, 0.0)	(-0.02, 0.0, -0.34)	(0.0, 0.3, 9.8)	(0,	0,	0,	0)	(1700357101.5548334)	(
(29)	(-0.01, 0.3, 9.43)	(-30.75, -88.25, 41.5625)	(-0.003272492347489368, 0.0, -0.001090830782496456)	(0.0, 0.0, -1.75)	(0.9998779296875, 0.01544189453125, 6.103515625e-05, 0.0)	(0.0, 0.0, -0.34)	(0.0, 0.3, 9.8)	(0,	0,	0,	0)	(1700357101.6368017)	(
(29)	(-0.02, 0.3, 9.47)	(-30.75, -86.375, 41.5625)	(0.0, -0.004363323129985824, 0.0)	(0.0, 0.0, -1.75)	(0.9998779296875, 0.01544189453125, 6.103515625e-05, 0.0)	(-0.03, -0.01, -0.34)	(0.0, 0.3, 9.8)	(0,	0,	0,	0)	(1700357101.6935668)	(
(29)	(-0.01, 0.29, 9.44)	(-31.1875, -87.5625, 42.75)	(-0.002181661564992912, -0.001090830782496456, -0.001090830782496456)	(0.0, 0.0, -1.75)	(0.9998779296875, 0.01544189453125, 6.103515625e-05, 0.0)	(0.0, 0.0, -0.34)	(0.0, 0.3, 9.8)	(0,	0,	0,	0)	(1700357101.7607448)	(
(29)	(0.0, 0.29, 9.450000000000001)	(-31.1875, -87.5625, 41.5625)	(0.0, 0.003272492347489368, -0.001090830782496456)	(0.0, 0.0, -1.75)	(0.9998779296875, 0.01544189453125, 6.103515625e-05, 0.0)	(0.0, 0.0, -0.34)	(0.0, 0.3, 9.8)	(0,	3,	0,	0)	(1700357101.8240654)	(
(29)	(-0.01, 0.3, 9.46)	(-30.5, -86.75, 41.25)	(0.003272492347489368, -0.001090830782496456, 0.0)	(0.0, 0.0, -1.75)	(0.9998779296875, 0.01544189453125, 6.103515625e-05, 0.0)	(-0.01, 0.0, -0.33)	(0.0, 0.3, 9.8)	(0,	3,	0,	0)	(1700357101.881525)	(
(29)	(0.0, 0.3, 9.46)	(-30.75, -86.375, 41.25)	(0.001090830782496456, 0.0, 0.001090830782496456)	(0.0, 0.0, -1.75)	(0.9998779296875, 0.01544189453125, 6.103515625e-05, 0.0)	(0.0, 0.01, -0.35000000000000003)	(0.0, 0.3, 9.8)	(0,	3,	0,	0)	(1700357101.9665482)	(
(29)	(0.0, 0.3, 9.46)	(-22.75, -86.0625, 42.0)	(0.001090830782496456, 0.001090830782496456, -0.001090830782496456)	(0.0, 0.0, -1.75)	(0.9998779296875, 0.01544189453125, 6.103515625e-05, 0.0)	(-0.01, 0.0, -0.35000000000000003)	(0.0, 0.3, 9.8)	(0,	3,	0,	0)	(1700357102.0401561)	(
(29)	(0.0, 0.31, 9.450000000000001)	(-30.5, -86.75, 42.0)	(0.0, 0.001090830782496456, -0.002181661564992912)	(0.0, 0.0, -1.75)	(0.9998779296875, 0.01544189453125, 6.103515625e-05, 0.0)	(0.0, -0.02, -0.34)	(0.0, 0.3, 9.8)	(0,	3,	0,	0)	(1700357102.1200526)	(
(29)	(-0.02, 0.29, 9.47)	(-31.1875, -86.0625, 42.0)	(0.0, -0.001090830782496456, 0.0)	(0.0, 0.0, -1.75)	(0.9998779296875, 0.01544189453125, 6.103515625e-05, 0.0)	(0.0, 0.0, -0.35000000000000003)	(0.0, 0.3, 9.8)	(0,	3,	0,	0)	(1700357102.1938622)	(
(29)	(-0.01, 0.3, 9.47)	(-31.5625, -86.75, 41.5625)	(-0.002181661564992912, -0.002181661564992912, -0.001090830782496456)	(0.0, 0.0, -1.75)	(0.9998779296875, 0.01544189453125, 6.103515625e-05, 0.0)	(-0.01, 0.0, -0.34)	(0.0, 0.3, 9.8)	(0,	3,	0,	0)	(1700357102.2487998)	(
(29)	(0.0, 0.31, 9.43)	(-30.75, -87.1875, 41.25)	(0.002181661564992912, -0.001090830782496456, 0.0)	(0.0, 0.0, -1.75)	(0.9998779296875, 0.01544189453125, 6.103515625e-05, 0.0)	(0.0, 0.0, -0.34)	(0.0, 0.3, 9.8)	(0,	3,	0,	0)	(1700357102.3108122)	(
(29)	(0.0, 0.31, 9.450000000000001)	(-30.75, -86.0625, 41.25)	(0.002181661564992912, 0.001090830782496456, 0.0)	(0.0, 0.0, -1.75)	(0.9998779296875, 0.01544189453125, 6.103515625e-05, 0.0)	(0.0, 0.0, -0.34)	(0.0, 0.3, 9.8)	(0,	3,	0,	0)	(1700357102.3694339)	(
(29)	(0.0, 0.3, 9.450000000000001)	(-29.75, -86.75, 41.25)	(0.0, -0.001090830782496456, -0.002181661564992912)	(0.0, 0.0, -1.75)	(0.9998779296875, 0.01544189453125, 6.103515625e-05, 0.0)	(0.0, 0.0, -0.33)	(0.0, 0.3, 9.8)	(0,	3,	0,	0)	(1700357102.4400113)	(
(29)	(-0.02, 0.27, 9.46)	(-30.5, -85.75, 41.5625)	(-0.001090830782496456, 0.003272492347489368, 0.0)	(0.0, 0.0, -1.75)	(0.9998779296875, 0.01544189453125, 6.103515625e-05, 0.0)	(0.0, -0.01, -0.35000000000000003)	(0.0, 0.3, 9.8)	(0,	3,	0,	0)	(1700357102.52042)	(
(29)	(0.0, 0.29, 9.44)	(-30.5, -86.375, 41.5625)	(0.001090830782496456, 0.0, -0.002181661564992912)	(0.0, 0.0, -1.75)	(0.9998779296875, 0.01544189453125, 6.103515625e-05, 0.0)	(0.0, 0.0, -0.34)	(0.0, 0.3, 9.8)	(0,	3,	0,	0)	(1700357102.5958474)	(
(29)	(-0.01, 0.29, 9.46)	(-29.75, -86.375, 42.375)	(0.0, -0.003272492347489368, -0.004363323129985824)	(0.0, 0.0, -1.75)	(0.9998779296875, 0.01544189453125, 6.103515625e-05, 0.0)	(-0.01, 0.0, -0.32)	(0.0, 0.3, 9.8)	(0,	3,	0,	0)	(1700357102.674987)	(
(29)	(0.0, 0.29, 9.44)	(-31.5625, -86.75, 42.0)	(0.0, -0.002181661564992912, 0.002181661564992912)	(0.0, 0.0, -1.75)	(0.9998779296875, 0.01544189453125, 6.103515625e-05, 0.0)	(-0.03, 0.0, -0.34)	(0.0, 0.3, 9.8)	(0,	3,	0,	0)	(1700357102.75272)	(
(29)	(-0.01, 0.26, 9.43)	(-30.0625, -86.375, 42.375)	(0.0, 0.002181661564992912, 0.0)	(0.0, 0.0, -1.75)	(0.9998779296875, 0.01544189453125, 6.103515625e-05, 0.0)	(0.0, 0.0, -0.36)	(0.0, 0.3, 9.8)	(0,	3,	0,	0)	(1700357102.8358822)	(
(29)	(0.0, 0.29, 9.46)	(-30.75, -86.375, 42.75)	(0.0, -0.001090830782496456, 0.0)	(0.0, 0.0, -1.75)	(0.9998779296875, 0.01544189453125, 6.103515625e-05, 0.0)	(0.0, -0.01, -0.34)	(0.0, 0.3, 9.8)	(0,	3,	0,	0)	(1700357102.9019444)	(
(29)	(-0.01, 0.31, 9.46)	(-30.5, -86.375, 41.25)	(0.0, 0.0, -0.001090830782496456)	(0.0, 0.0, -1.75)	(0.9998779296875, 0.01544189453125, 6.103515625e-05, 0.0)	(-0.02, 0.0, -0.34)	(0.0, 0.3, 9.8)	(0,	3,	0,	0)	(1700357102.9641554)	(
(29)	(0.0, 0.3, 9.43)	(-30.0625, -86.75, 41.25)	(0.001090830782496456, -0.002181661564992912, 0.002181661564992912)	(0.0, 0.0, -1.75)	(0.9998779296875, 0.01544189453125, 6.103515625e-05, 0.0)	(0.0, 0.0, -0.33)	(0.0, 0.3, 9.8)	(0,	3,	0,	0)	(1700357103.0238593)	(
(29)	(-0.01, 0.29, 9.43)	(-31.1875, -86.75, 41.5625)	(-0.002181661564992912, 0.0, 0.001090830782496456)	(0.0, 0.0, -1.75)	(0.9998779296875, 0.01544189453125, 6.103515625e-05, 0.0)	(0.0, 0.0, -0.37)	(0.0, 0.3, 9.8)	(0,	3,	0,	0)	(1700357103.089762)	(
(29)	(-0.01, 0.29, 9.46)	(-23.5625, -86.375, 40.75)	(-0.001090830782496456, 0.0, 0.002181661564992912)	(0.0, 0.0, -1.75)	(0.9998779296875, 0.01544189453125, 6.103515625e-05, 0.0)	(0.0, 0.0, -0.34)	(0.0, 0.3, 9.8)	(0,	3,	0,	0)	(1700357103.1553762)	(
(29)	(-0.01, 0.29, 9.43)	(-30.75, -86.0625, 41.5625)	(0.001090830782496456, 0.0, 0.001090830782496456)	(0.0, 0.0, -1.75)	(0.9998779296875, 0.01544189453125, 6.103515625e-05, 0.0)	(-0.01, 0.0, -0.34)	(0.0, 0.3, 9.8)	(0,	3,	0,	0)	(1700357103.2191546)	(
(29)	(-0.02, 0.28, 9.47)	(-30.0625, -86.0625, 41.25)	(0.0, 0.0, -0.002181661564992912)	(0.0, 0.0, -1.75)	(0.9998779296875, 0.01544189453125, 6.103515625e-05, 0.0)	(-0.01, 0.0, -0.35000000000000003)	(0.0, 0.3, 9.8)	(0,	3,	0,	0)	(1700357103.2956598)	(
(29)	(-0.02, 0.27, 9.450000000000001)	(-30.5, -86.75, 42.0)	(0.0, 0.0, -0.002181661564992912)	(0.0, 0.0, -1.75)	(0.9998779296875, 0.01544189453125, 6.103515625e-05, 0.0)	(0.0, -0.01, -0.34)	(0.0, 0.3, 9.8)	(0,	3,	0,	0)	(1700357103.3708806)	(
(29)	(-0.02, 0.32, 9.5)	(-31.1875, -86.0625, 41.5625)	(0.0, 0.002181661564992912, 0.001090830782496456)	(0.0, 0.0, -1.75)	(0.9998779296875, 0.01544189453125, 6.103515625e-05, 0.0)	(0.0, -0.01, -0.36)	(0.0, 0.3, 9.8)	(0,	3,	0,	0)	(1700357103.4378774)	(
(29)	(0.0, 0.31, 9.46)	(-30.5, -87.1875, 42.375)	(0.0, -0.001090830782496456, 0.0)	(0.0, 0.0, -1.75)	(0.9998779296875, 0.01544189453125, 6.103515625e-05, 0.0)	(0.0, 0.01, -0.31)	(0.0, 0.3, 9.8)	(0,	3,	0,	0)	(1700357103.5055013)	(
(29)	(-0.01, 0.29, 9.42)	(-31.1875, -86.0625, 43.1875)	(0.002181661564992912, -0.001090830782496456, 0.001090830782496456)	(0.0, 0.0, -1.75)	(0.9998779296875, 0.01544189453125, 6.103515625e-05, 0.0)	(0.0, 0.02, -0.34)	(0.0, 0.3, 9.8)	(0,	3,	0,	0)	(1700357103.5836294)	(
(29)	(0.0, 0.3, 9.44)	(-31.875, -86.0625, 42.75)	(0.001090830782496456, 0.002181661564992912, -0.001090830782496456)	(0.0, 0.0, -1.75)	(0.9998779296875, 0.01544189453125, 6.103515625e-05, 0.0)	(0.0, -0.01, -0.33)	(0.0, 0.3, 9.8)	(0,	3,	0,	0)	(1700357103.64649)	(
(29)	(0.0, 0.27, 9.450000000000001)	(-31.1875, -86.375, 41.25)	(-0.001090830782496456, -0.004363323129985824, 0.0)	(0.0, 0.0, -1.75)	(0.9998779296875, 0.01544189453125, 6.103515625e-05, 0.0)	(-0.01, -0.01, -0.33)	(0.0, 0.3, 9.8)	(0,	3,	0,	0)	(1700357103.7181904)	(
(29)	(0.0, 0.3, 9.450000000000001)	(-30.0625, -86.75, 41.5625)	(0.0, -0.001090830782496456, -0.001090830782496456)	(0.0, 0.0, -1.75)	(0.9998779296875, 0.01544189453125, 6.103515625e-05, 0.0)	(-0.01, 0.01, -0.34)	(0.0, 0.3, 9.8)	(0,	3,	0,	0)	(1700357103.795579)	(
(29)	(-0.01, 0.3, 9.450000000000001)	(-30.75, -86.75, 43.1875)	(-0.001090830782496456, 0.002181661564992912, -0.001090830782496456)	(0.0, 0.0, -1.75)	(0.9998779296875, 0.01544189453125, 6.103515625e-05, 0.0)	(0.0, 0.0, -0.36)	(0.0, 0.3, 9.8)	(0,	3,	0,	0)	(1700357103.8824477)	(
(29)	(-0.01, 0.3, 9.44)	(-30.0625, -86.0625, 42.375)	(0.0, 0.00545415391248228, 0.001090830782496456)	(0.0, 0.0, -1.75)	(0.9998779296875, 0.01544189453125, 6.103515625e-05, 0.0)	(-0.01, 0.0, -0.34)	(0.0, 0.3, 9.8)	(0,	3,	0,	0)	(1700357103.9439929)	(
(29)	(0.0, 0.27, 9.46)	(-30.5, -86.375, 42.0)	(-0.003272492347489368, 0.001090830782496456, 0.001090830782496456)	(0.0, 0.0, -1.75)	(0.9998779296875, 0.01544189453125, 6.103515625e-05, 0.0)	(0.0, -0.01, -0.32)	(0.0, 0.3, 9.8)	(0,	3,	0,	0)	(1700357104.0144894)	(
(29)	(0.0, 0.3, 9.48)	(-22.75, -86.75, 41.5625)	(0.001090830782496456, -0.001090830782496456, -0.001090830782496456)	(8.0, 0.0, -1.75)	(0.9998779296875, 0.01544189453125, 6.103515625e-05, 0.0)	(-0.01, 0.01, -0.32)	(0.0, 0.3, 9.8)	(0,	3,	0,	0)	(1700357104.0728135)	(
(29)	(-0.02, 0.29, 9.44)	(-31.1875, -86.375, 42.75)	(0.0, 0.001090830782496456, 0.001090830782496456)	(0.0, 0.0, -1.75)	(0.9998779296875, 0.01544189453125, 6.103515625e-05, 0.0)	(-0.01, -0.01, -0.35000000000000003)	(0.0, 0.3, 9.8)	(0,	3,	0,	0)	(1700357104.1276739)	(
(29)	(-0.01, 0.29, 9.44)	(-31.1875, -85.75, 41.25)	(0.0, 0.001090830782496456, 0.0)	(0.0, 0.0, -1.75)	(0.9998779296875, 0.01544189453125, 6.103515625e-05, 0.0)	(-0.01, 0.02, -0.35000000000000003)	(0.0, 0.3, 9.8)	(0,	3,	0,	0)	(1700357104.1953938)	(
(29)	(0.0, 0.31, 9.44)	(-30.75, -86.75, 42.0)	(0.001090830782496456, -0.002181661564992912, -0.001090830782496456)	(0.0, 0.0, -1.75)	(0.9998779296875, 0.01544189453125, 6.103515625e-05, 0.0)	(-0.01, 0.0, -0.29)	(0.0, 0.3, 9.8)	(0,	3,	0,	0)	(1700357104.282328)	(
(29)	(-0.02, 0.28, 9.46)	(-30.5, -86.375, 42.375)	(0.001090830782496456, 0.0, 0.0)	(0.0, 0.0, -1.75)	(0.9998779296875, 0.01544189453125, 6.103515625e-05, 0.0)	(-0.02, 0.0, -0.32)	(0.0, 0.3, 9.8)	(0,	3,	0,	0)	(1700357104.33476)	(
(29)	(-0.01, 0.31, 9.46)	(-30.0625, -86.375, 42.375)	(0.0, -0.002181661564992912, 0.002181661564992912)	(0.0, 0.0, -1.75)	(0.9998779296875, 0.01544189453125, 6.103515625e-05, 0.0)	(-0.02, -0.01, -0.32)	(0.0, 0.3, 9.8)	(0,	3,	0,	0)	(1700357104.4074616)	(
(29)	(0.0, 0.3, 9.450000000000001)	(-30.5, -86.75, 42.0)	(-0.001090830782496456, -0.001090830782496456, 0.001090830782496456)	(0.0, 0.0, -1.75)	(0.9998779296875, 0.01544189453125, 6.103515625e-05, 0.0)	(-0.01, -0.02, -0.32)	(0.0, 0.3, 9.8)	(0,	3,	0,	0)	(1700357104.4823875)	(
(29)	(-0.02, 0.29, 9.450000000000001)	(-30.0625, -86.75, 42.375)	(0.0, -0.002181661564992912, 0.0)	(0.0, 0.0, -1.75)	(0.9998779296875, 0.01544189453125, 6.103515625e-05, 0.0)	(0.0, 0.0, -0.36)	(0.0, 0.3, 9.8)	(0,	3,	0,	0)	(1700357104.5534508)	(
(29)	(0.0, 0.3, 9.450000000000001)	(-29.75, -86.75, 42.0)	(0.0, 0.001090830782496456, -0.001090830782496456)	(0.0, 0.0, -1.75)	(0.9998779296875, 0.01544189453125, 6.103515625e-05, 0.0)	(0.0, 0.0, -0.34)	(0.0, 0.3, 9.8)	(0,	3,	0,	0)	(1700357104.6171331)	(
(29)	(0.0, 0.3, 9.450000000000001)	(-31.875, -86.75, 42.75)	(0.002181661564992912, -0.001090830782496456, -0.001090830782496456)	(0.0, 0.0, -1.75)	(0.9998779296875, 0.01544189453125, 6.103515625e-05, 0.0)	(0.0, 0.01, -0.33)	(0.0, 0.3, 9.8)	(0,	3,	0,	0)	(1700357104.7002552)	(
(29)	(0.0, 0.29, 9.46)	(-30.0625, -86.375, 41.25)	(0.001090830782496456, -0.001090830782496456, 0.0)	(0.0, 0.0, -1.75)	(0.9998779296875, 0.01544189453125, 6.103515625e-05, 0.0)	(0.0, 0.0, -0.34)	(0.0, 0.3, 9.8)	(0,	3,	0,	0)	(1700357104.7600436)	(
(29)	(-0.02, 0.29, 9.44)	(-30.5, -86.75, 42.375)	(0.001090830782496456, -0.002181661564992912, 0.001090830782496456)	(0.0, 0.0, -1.75)	(0.9998779296875, 0.01544189453125, 6.103515625e-05, 0.0)	(-0.02, 0.01, -0.34)	(0.0, 0.3, 9.8)	(0,	3,	0,	0)	(1700357104.8147593)	(
(29)	(0.0, 0.3, 9.41)	(-31.1875, -87.1875, 42.375)	(0.0, 0.001090830782496456, -0.001090830782496456)	(0.0, 0.0, -1.75)	(0.9998779296875, 0.01544189453125, 6.103515625e-05, 0.0)	(0.0, -0.01, -0.34)	(0.0, 0.3, 9.8)	(0,	3,	0,	0)	(1700357104.8879712)	(
(29)	(-0.01, 0.3, 9.450000000000001)	(-30.5, -86.75, 41.5625)	(0.001090830782496456, -0.002181661564992912, 0.001090830782496456)	(0.0, 0.0, -1.75)	(0.9998779296875, 0.01544189453125, 6.103515625e-05, 0.0)	(-0.01, 0.0, -0.33)	(0.0, 0.3, 9.8)	(0,	3,	0,	0)	(1700357104.9554484)	(
(29)	(-0.01, 0.31, 9.48)	(-30.75, -87.1875, 42.0)	(0.0, -0.001090830782496456, -0.001090830782496456)	(0.0, 0.0, -1.75)	(0.9998779296875, 0.01544189453125, 6.103515625e-05, 0.0)	(0.0, 0.02, -0.34)	(0.0, 0.3, 9.8)	(0,	3,	0,	0)	(1700357105.0243502)	(
(29)	(-0.01, 0.29, 9.450000000000001)	(-30.5, -86.0625, 42.0)	(0.0, 0.001090830782496456, -0.001090830782496456)	(0.0, 0.0, -1.75)	(0.9998779296875, 0.01544189453125, 6.103515625e-05, 0.0)	(0.0, 0.01, -0.34)	(0.0, 0.3, 9.8)	(0,	3,	0,	0)	(1700357105.109112)	(
(29)	(0.0, 0.3, 9.46)	(-30.75, -86.375, 41.5625)	(0.0, -0.001090830782496456, -0.001090830782496456)	(0.0, 0.0, -1.75)	(0.9998779296875, 0.01544189453125, 6.103515625e-05, 0.0)	(0.01, 0.01, -0.33)	(0.0, 0.3, 9.8)	(0,	3,	0,	0)	(1700357105.1624138)	(
(29)	(0.0, 0.32, 9.43)	(-30.75, -86.75, 41.5625)	(0.0, 0.001090830782496456, 0.0)	(0.0, 0.0, -1.75)	(0.9998779296875, 0.01544189453125, 6.103515625e-05, 0.0)	(0.0, 0.0, -0.34)	(0.0, 0.3, 9.8)	(0,	3,	0,	0)	(1700357105.2215302)	(
(29)	(0.0, 0.31, 9.47)	(-31.5625, -86.0625, 40.75)	(0.0, 0.002181661564992912, -0.002181661564992912)	(0.0, 0.0, -1.75)	(0.9998779296875, 0.01544189453125, 6.103515625e-05, 0.0)	(-0.01, 0.0, -0.32)	(0.0, 0.3, 9.8)	(0,	3,	0,	0)	(1700357105.2823083)	(
(29)	(-0.01, 0.3, 9.46)	(-30.75, -86.375, 41.25)	(-0.001090830782496456, 0.0, -0.001090830782496456)	(0.0, 0.0, -1.75)	(0.9998779296875, 0.01544189453125, 6.103515625e-05, 0.0)	(0.0, -0.01, -0.37)	(0.0, 0.3, 9.8)	(0,	3,	0,	0)	(1700357105.3405683)	(
(29)	(0.0, 0.3, 9.47)	(-30.5, -86.0625, 41.5625)	(0.002181661564992912, 0.002181661564992912, -0.001090830782496456)	(0.0, 0.0, -1.75)	(0.9998779296875, 0.01544189453125, 6.103515625e-05, 0.0)	(-0.02, 0.02, -0.35000000000000003)	(0.0, 0.3, 9.8)	(0,	3,	0,	0)	(1700357105.4104846)	(
(29)	(0.0, 0.3, 9.41)	(-31.5625, -86.375, 42.0)	(0.002181661564992912, 0.001090830782496456, 0.001090830782496456)	(0.0, 0.0, -1.75)	(0.9998779296875, 0.01544189453125, 6.103515625e-05, 0.0)	(-0.01, 0.0, -0.31)	(0.0, 0.3, 9.8)	(0,	3,	0,	0)	(1700357105.4819074)	(
(29)	(0.0, 0.33, 9.5)	(-30.0625, -87.1875, 42.0)	(-0.001090830782496456, 0.001090830782496456, 0.002181661564992912)	(8.0, 0.0, -1.75)	(0.9998779296875, 0.01544189453125, 6.103515625e-05, 0.0)	(0.0, -0.01, -0.34)	(1.28, 0.3, 9.8)	(0,	3,	0,	0)	(1700357105.5421429)	(
(29)	(-0.03, 0.28, 9.46)	(-30.0625, -86.375, 42.0)	(0.001090830782496456, -0.001090830782496456, 0.004363323129985824)	(0.0, 0.0, -1.75)	(0.9998779296875, 0.01544189453125, 6.103515625e-05, 0.0)	(-0.02, -0.01, -0.33)	(0.0, 0.3, 9.8)	(0,	3,	0,	0)	(1700357105.6172009)	(
(29)	(0.01, 0.31, 9.44)	(-31.1875, -87.1875, 41.5625)	(0.001090830782496456, 0.0, 0.001090830782496456)	(0.0, 0.0, -1.75)	(0.9998779296875, 0.01544189453125, 6.103515625e-05, 0.0)	(-0.02, 0.0, -0.35000000000000003)	(0.0, 0.3, 9.8)	(0,	3,	0,	0)	(1700357105.6926908)	(
(29)	(0.0, 0.31, 9.46)	(-31.5625, -86.375, 40.75)	(0.001090830782496456, 0.0, 0.001090830782496456)	(0.0, 0.0, -1.75)	(0.9998779296875, 0.01544189453125, 6.103515625e-05, 0.0)	(-0.02, -0.01, -0.33)	(0.0, 0.3, 9.8)	(0,	3,	0,	0)	(1700357105.7457457)	(
(29)	(0.0, 0.28, 9.46)	(-30.75, -86.375, 42.375)	(-0.001090830782496456, 0.0, 0.0)	(0.0, 0.0, -1.75)	(0.9998779296875, 0.01544189453125, 6.103515625e-05, 0.0)	(0.0, 0.01, -0.34)	(0.0, 0.3, 9.8)	(0,	3,	0,	0)	(1700357105.8230355)	(
(29)	(0.0, 0.29, 9.48)	(-30.75, -86.0625, 43.1875)	(0.0, -0.001090830782496456, 0.0)	(0.0, 0.0, -1.75)	(0.9998779296875, 0.01544189453125, 6.103515625e-05, 0.0)	(0.0, 0.0, -0.35000000000000003)	(0.0, 0.3, 9.8)	(0,	3,	0,	0)	(1700357105.8985367)	(
(29)	(0.0, 0.29, 9.47)	(-31.1875, -86.375, 42.375)	(-0.001090830782496456, 0.0, 0.0)	(0.0, 0.0, -1.75)	(0.9998779296875, 0.01544189453125, 6.103515625e-05, 0.0)	(0.0, 0.0, -0.34)	(0.0, 0.3, 9.8)	(0,	3,	0,	0)	(1700357105.9747918)	(
(29)	(0.0, 0.29, 9.47)	(-31.5625, -85.375, 42.0625)	(-0.002181661564992912, 0.001090830782496456, 0.0)	(0.0, 0.0, -1.75)	(0.9998779296875, 0.01544189453125, 6.103515625e-05, 0.0)	(-0.02, 0.01, -0.37)	(0.0, 0.3, 9.8)	(0,	3,	0,	0)	(1700357106.035957)	(
(29)	(-0.04, 0.3, 9.43)	(-31.1875, -86.375, 42.375)	(-0.001090830782496456, 0.0, 0.001090830782496456)	(0.0, 0.0, -1.75)	(0.9998779296875, 0.01544189453125, 6.103515625e-05, 0.0)	(-0.01, 0.0, -0.35000000000000003)	(0.0, 0.3, 9.8)	(0,	3,	0,	0)	(1700357106.1019719)	(
(29)	(0.0, 0.32, 9.42)	(-30.0625, -87.1875, 41.5625)	(-0.001090830782496456, 0.001090830782496456, 0.0)	(0.0, 0.0, -1.75)	(0.9998779296875, 0.01544189453125, 6.103515625e-05, 0.0)	(-0.01, 0.01, -0.34)	(0.0, 0.3, 9.8)	(0,	3,	0,	0)	(1700357106.1650534)	(
(29)	(-0.01, 0.28, 9.43)	(-31.875, -86.375, 42.0625)	(-0.001090830782496456, -0.001090830782496456, 0.001090830782496456)	(0.0, 0.0, -1.75)	(0.9998779296875, 0.01544189453125, 6.103515625e-05, 0.0)	(-0.03, -0.01, -0.33)	(0.0, 0.3, 9.8)	(0,	3,	0,	0)	(1700357106.2214375)	(
(29)	(-0.02, 0.3, 9.44)	(-30.5, -86.375, 42.75)	(0.0, -0.002181661564992912, 0.0)	(0.0, 0.0, -1.75)	(0.9998779296875, 0.01544189453125, 6.103515625e-05, 0.0)	(-0.02, 0.0, -0.34)	(0.0, 0.3, 9.8)	(0,	3,	0,	0)	(1700357106.2841299)	(
(29)	(-0.01, 0.28, 9.47)	(-30.0625, -87.875, 42.0)	(-0.001090830782496456, 0.002181661564992912, 0.0)	(0.0, 0.0, -1.75)	(0.9998779296875, 0.01544189453125, 6.103515625e-05, 0.0)	(0.0, 0.0, -0.34)	(0.0, 0.3, 9.8)	(0,	3,	0,	0)	(1700357106.345126)	(
(29)	(0.0, 0.28, 9.42)	(-30.75, -86.0625, 42.0)	(-0.001090830782496456, 0.001090830782496456, -0.001090830782496456)	(0.0, 0.0, -1.75)	(0.9998779296875, 0.01544189453125, 6.103515625e-05, 0.0)	(-0.01, -0.01, -0.33)	(0.0, 0.3, 9.8)	(0,	3,	0,	0)	(1700357106.409518)	(
(29)	(-0.02, 0.28, 9.450000000000001)	(-30.5, -86.75, 42.375)	(0.0, 0.0, 0.0)	(0.0, 0.0, -1.75)	(0.9998779296875, 0.01544189453125, 6.103515625e-05, 0.0)	(-0.02, 0.0, -0.35000000000000003)	(0.0, 0.3, 9.8)	(0,	3,	0,	0)	(1700357106.4614577)	(
(29)	(-0.02, 0.32, 9.450000000000001)	(-31.1875, -86.0625, 42.0)	(0.0, -0.002181661564992912, 0.0)	(0.0, 0.0, -1.75)	(0.9998779296875, 0.01544189453125, 6.103515625e-05, 0.0)	(-0.01, 0.0, -0.35000000000000003)	(0.0, 0.3, 9.8)	(0,	3,	0,	0)	(1700357106.5469468)	(
(29)	(0.0, 0.3, 9.42)	(-30.75, -86.375, 40.875)	(0.0, 0.0, -0.002181661564992912)	(0.0, 0.0, -1.75)	(0.9998779296875, 0.01544189453125, 6.103515625e-05, 0.0)	(0.0, 0.01, -0.33)	(0.0, 0.3, 9.8)	(0,	3,	0,	0)	(1700357106.622567)	(
(29)	(-0.02, 0.28, 9.43)	(-31.5625, -86.75, 42.0)	(0.001090830782496456, -0.003272492347489368, -0.001090830782496456)	(0.0, 0.0, -1.75)	(0.9998779296875, 0.01544189453125, 6.103515625e-05, 0.0)	(-0.02, 0.0, -0.33)	(0.0, 0.3, 9.8)	(0,	3,	0,	0)	(1700357106.7050395)	(
(29)	(-0.03, 0.29, 9.5)	(-30.5, -86.375, 41.5625)	(0.001090830782496456, 0.001090830782496456, -0.003272492347489368)	(0.0, 0.0, -1.75)	(0.9998779296875, 0.01544189453125, 6.103515625e-05, 0.0)	(0.01, 0.0, -0.37)	(0.0, 0.3, 9.8)	(0,	3,	0,	0)	(1700357106.7592957)	(
(29)	(0.01, 0.28, 9.48)	(-31.1875, -87.1875, 40.75)	(0.0, 0.0, 0.0)	(0.0, 0.0, -1.75)	(0.9998779296875, -1.98455810546875, 6.103515625e-05, 0.0)	(0.0, -0.03, -0.32)	(0.0, 0.3, 9.8)	(0,	3,	0,	0)	(1700357106.8162963)	(
(29)	(-0.03, 0.28, 9.450000000000001)	(-31.1875, -86.375, 42.0625)	(0.001090830782496456, 0.002181661564992912, 0.002181661564992912)	(0.0, 0.0, -1.75)	(0.9998779296875, 0.01544189453125, 6.103515625e-05, 0.0)	(-0.01, 0.0, -0.3)	(0.0, 0.3, 9.8)	(0,	3,	0,	0)	(1700357106.8748548)	(
(29)	(0.0, 0.29, 9.43)	(-31.1875, -87.5625, 40.75)	(-0.001090830782496456, -0.001090830782496456, 0.001090830782496456)	(0.0, 0.0, -1.75)	(0.9998779296875, 0.01544189453125, 6.103515625e-05, 0.0)	(0.0, 0.0, -0.34)	(0.0, 0.3, 9.8)	(0,	3,	0,	0)	(1700357106.9286408)	(
(29)	(-0.01, 0.3, 9.450000000000001)	(-23.1875, -86.75, 42.375)	(-0.001090830782496456, 0.002181661564992912, 0.0)	(0.0, 0.0, -1.75)	(0.9998779296875, 0.01544189453125, 6.103515625e-05, 0.0)	(-0.01, 0.0, -0.34)	(0.0, 0.3, 9.8)	(0,	3,	0,	0)	(1700357106.9891446)	(
(29)	(-0.01, 0.32, 9.44)	(-30.5, -86.75, 41.5625)	(0.0, -0.001090830782496456, 0.002181661564992912)	(0.0, 0.0, -1.75)	(0.9998779296875, 0.01544189453125, 6.103515625e-05, 0.0)	(0.0, 0.0, -0.34)	(0.0, 0.3, 9.8)	(0,	3,	0,	0)	(1700357107.0428994)	(
(29)	(0.0, 0.27, 9.450000000000001)	(-30.75, -86.375, 41.25)	(-0.001090830782496456, -0.001090830782496456, -0.001090830782496456)	(0.0, 0.0, -1.75)	(0.9998779296875, 0.01544189453125, 6.103515625e-05, 0.0)	(-0.01, -0.01, -0.34)	(0.0, 0.3, 9.8)	(0,	3,	0,	0)	(1700357107.120954)	(
(29)	(-0.01, 0.29, 9.450000000000001)	(-30.0625, -86.75, 42.375)	(0.0, 0.002181661564992912, 0.001090830782496456)	(0.0, 0.0, -1.75)	(0.9998779296875, 0.01544189453125, 6.103515625e-05, 0.0)	(-0.01, 0.0, -0.35000000000000003)	(0.0, 0.3, 9.8)	(0,	3,	0,	0)	(1700357107.199665)	(
(29)	(0.0, 0.28, 9.450000000000001)	(-29.75, -86.75, 42.375)	(0.0, -0.003272492347489368, 0.003272492347489368)	(0.0, 0.0, -1.75)	(0.9998779296875, 0.01544189453125, 6.103515625e-05, 0.0)	(-0.01, 0.0, -0.39)	(0.0, 0.3, 9.8)	(0,	3,	0,	0)	(1700357107.2542043)	(
(29)	(0.0, 0.28, 9.43)	(-30.75, -87.1875, 42.375)	(0.0, 0.002181661564992912, -0.001090830782496456)	(0.0, 0.0, -1.75)	(0.9998779296875, 0.01544189453125, 6.103515625e-05, 0.0)	(-0.02, 0.0, -0.36)	(0.0, 0.3, 9.8)	(0,	3,	0,	0)	(1700357107.3360968)	(
(29)	(0.0, 0.3, 9.43)	(-31.1875, -86.375, 40.75)	(0.0, 0.0, 0.0)	(0.0, 0.0, -1.75)	(0.9998779296875, 0.01544189453125, 6.103515625e-05, 0.0)	(-0.01, 0.0, -0.35000000000000003)	(1.28, 0.3, 9.8)	(0,	3,	0,	0)	(1700357107.401999)	(
(29)	(-0.01, 0.28, 9.450000000000001)	(-22.75, -87.1875, 41.5625)	(0.002181661564992912, -0.002181661564992912, -0.002181661564992912)	(0.0, 0.0, -1.75)	(0.9998779296875, 0.01544189453125, 6.103515625e-05, 0.0)	(0.0, 0.0, -0.31)	(0.0, 0.3, 9.8)	(0,	3,	0,	0)	(1700357107.4842298)	(
(29)	(0.0, 0.3, 9.47)	(-30.5, -86.0625, 42.0)	(0.0, -0.002181661564992912, -0.001090830782496456)	(0.0, 0.0, -1.75)	(0.9998779296875, 0.01544189453125, 6.103515625e-05, 0.0)	(-0.01, 0.0, -0.36)	(0.0, 0.3, 9.8)	(0,	3,	0,	0)	(1700357107.5570967)	(
(29)	(-0.01, 0.27, 9.450000000000001)	(-31.5625, -86.375, 41.25)	(0.0, 0.001090830782496456, -0.002181661564992912)	(0.0, 0.0, -1.75)	(0.9998779296875, 0.01544189453125, 6.103515625e-05, 0.0)	(-0.01, 0.0, -0.33)	(0.0, 0.3, 9.8)	(0,	3,	0,	0)	(1700357107.62872)	(
(29)	(-0.01, 0.33, 9.47)	(-30.5, -86.375, 41.5625)	(-0.002181661564992912, -0.002181661564992912, 0.0)	(0.0, 0.0, -1.75)	(0.9998779296875, 0.01544189453125, 6.103515625e-05, 0.0)	(0.0, 0.01, -0.32)	(0.0, 0.3, 9.8)	(0,	3,	0,	0)	(1700357107.7073076)	(
(29)	(0.0, 0.29, 9.43)	(-31.5625, -86.75, 42.75)	(-0.001090830782496456, -0.001090830782496456, -0.002181661564992912)	(0.0, 0.0, -1.75)	(0.9998779296875, 0.01544189453125, 6.103515625e-05, 0.0)	(0.0, 0.0, -0.33)	(0.0, 0.3, 9.8)	(0,	3,	0,	0)	(1700357107.787827)	(
(29)	(-0.03, 0.31, 9.47)	(-30.75, -86.375, 42.0)	(0.0, 0.002181661564992912, 0.0)	(0.0, 0.0, -1.75)	(0.9998779296875, 0.01544189453125, 6.103515625e-05, 0.0)	(0.0, 0.0, -0.34)	(0.0, 0.3, 9.8)	(0,	3,	0,	0)	(1700357107.8672733)	(
(29)	(-0.01, 0.28, 9.49)	(-30.75, -86.75, 40.75)	(0.001090830782496456, 0.001090830782496456, 0.0)	(0.0, 0.0, -1.75)	(0.9998779296875, 0.01544189453125, 6.103515625e-05, 0.0)	(-0.01, 0.01, -0.32)	(0.0, 0.3, 9.8)	(0,	3,	0,	0)	(1700357107.9241285)	(
(29)	(-0.02, 0.3, 9.44)	(-30.75, -86.375, 41.5625)	(0.0, -0.003272492347489368, 0.001090830782496456)	(0.0, 0.0, -1.75)	(0.9998779296875, 0.01544189453125, 6.103515625e-05, 0.0)	(-0.01, 0.0, -0.33)	(0.0, 0.3, 9.8)	(0,	3,	0,	0)	(1700357107.999865)	(
(29)	(-0.02, 0.28, 9.47)	(-31.5625, -86.375, 42.0)	(-0.001090830782496456, 0.001090830782496456, 0.002181661564992912)	(0.0, 0.0, -1.75)	(0.9998779296875, 0.01544189453125, 6.103515625e-05, 0.0)	(-0.03, 0.0, -0.33)	(0.0, 0.3, 9.8)	(0,	3,	0,	0)	(1700357108.0684223)	(
(29)	(-0.01, 0.3, 9.450000000000001)	(-30.0625, -86.0625, 42.0)	(0.002181661564992912, -0.001090830782496456, 0.002181661564992912)	(0.0, 0.0, -1.75)	(0.9998779296875, 0.01544189453125, 6.103515625e-05, 0.0)	(-0.02, 0.0, -0.3)	(0.0, 0.3, 9.8)	(0,	3,	0,	0)	(1700357108.1238875)	(
(29)	(0.0, 0.3, 9.450000000000001)	(-30.5, -86.75, 42.375)	(0.0, -0.001090830782496456, 0.0)	(0.0, 0.0, -1.75)	(0.9998779296875, 0.01544189453125, 6.103515625e-05, 0.0)	(0.0, -0.01, -0.32)	(0.0, 0.3, 9.8)	(0,	3,	0,	0)	(1700357108.1974094)	(
(29)	(-0.01, 0.29, 9.46)	(-31.1875, -87.1875, 41.5625)	(0.0, 0.0, -0.001090830782496456)	(0.0, 0.0, -1.75)	(0.9998779296875, 0.01544189453125, 6.103515625e-05, 0.0)	(0.0, 0.02, -0.32)	(0.0, 0.3, 9.8)	(0,	3,	0,	0)	(1700357108.2709804)	(
(29)	(-0.01, 0.29, 9.46)	(-31.1875, -86.75, 42.375)	(0.1407171709420428, 0.0, -0.002181661564992912)	(0.0, 0.0, -1.75)	(0.9998779296875, 0.01544189453125, 6.103515625e-05, 0.0)	(0.0, 0.01, -0.33)	(0.0, 0.3, 9.8)	(0,	3,	0,	0)	(1700357108.32405)	(
(29)	(-0.01, 0.3, 9.48)	(-30.5, -88.25, 43.1875)	(0.0, 0.0, -0.002181661564992912)	(0.0, 0.0, -1.75)	(0.9998779296875, 0.01544189453125, 6.103515625e-05, 0.0)	(-0.01, 0.0, -0.32)	(0.0, 0.3, 9.8)	(0,	3,	0,	0)	(1700357108.399757)	(
(29)	(0.0, 0.31, 9.450000000000001)	(-30.5, -87.1875, 41.25)	(-0.001090830782496456, 0.0, 0.001090830782496456)	(0.0, 0.0, -1.75)	(0.9998779296875, 0.01544189453125, 6.103515625e-05, 0.0)	(0.0, 0.01, -0.34)	(0.0, 0.3, 9.8)	(0,	3,	0,	0)	(1700357108.4791543)	(
(29)	(0.0, 0.31, 9.44)	(-30.0625, -87.1875, 41.5625)	(-0.002181661564992912, 0.001090830782496456, -0.002181661564992912)	(0.0, 0.0, -1.75)	(0.9998779296875, 0.01544189453125, 6.103515625e-05, 0.0)	(-0.02, -0.01, -0.34)	(0.0, 0.3, 9.8)	(0,	3,	0,	0)	(1700357108.5372164)	(
(29)	(-0.02, 0.3, 9.450000000000001)	(-30.5, -87.1875, 42.0625)	(0.0, -0.001090830782496456, 0.0)	(0.0, 0.0, -1.75)	(0.9998779296875, 0.01544189453125, 6.103515625e-05, 0.0)	(0.0, 0.03, -0.34)	(1.28, 0.3, 9.8)	(0,	3,	0,	0)	(1700357108.5904858)	(
(29)	(0.01, 0.3, 9.46)	(-23.1875, -85.75, 40.75)	(0.001090830782496456, -0.001090830782496456, 0.001090830782496456)	(0.0, 0.0, -1.75)	(0.9998779296875, 0.01544189453125, 6.103515625e-05, 0.0)	(-0.02, 0.0, -0.32)	(0.0, 0.3, 9.8)	(0,	3,	0,	0)	(1700357108.6501331)	(
(29)	(-0.01, 0.29, 9.47)	(-30.5, -86.75, 42.0)	(0.003272492347489368, -0.003272492347489368, 0.0)	(0.0, 0.0, -1.75)	(0.9998779296875, 0.01544189453125, 6.103515625e-05, 0.0)	(0.0, 0.0, -0.35000000000000003)	(0.0, 0.3, 9.8)	(0,	3,	0,	0)	(1700357108.7033262)	(
(29)	(-0.01, 0.3, 9.5)	(-31.5625, -86.375, 41.25)	(-0.001090830782496456, 0.001090830782496456, 0.0)	(0.0, 0.0, -1.75)	(0.9998779296875, 0.01544189453125, 6.103515625e-05, 0.0)	(-0.01, 0.0, -0.37)	(0.0, 0.3, 9.8)	(0,	3,	0,	0)	(1700357108.7680497)	(
(29)	(0.0, 0.28, 9.450000000000001)	(-30.5, -87.1875, 41.25)	(-0.001090830782496456, -0.001090830782496456, 0.0)	(0.0, 0.0, -1.75)	(0.9998779296875, 0.01544189453125, 6.103515625e-05, 0.0)	(0.0, 0.0, -0.33)	(0.0, 0.3, 9.8)	(0,	3,	0,	0)	(1700357108.819856)	(
(29)	(-0.01, 0.29, 9.44)	(-30.0625, -86.375, 42.0)	(0.0, -0.001090830782496456, -0.001090830782496456)	(0.0, 0.0, -1.75)	(0.9998779296875, 0.01544189453125, 6.103515625e-05, 0.0)	(0.0, 0.0, -0.34)	(0.0, 0.3, 9.8)	(0,	3,	0,	0)	(1700357108.8845167)	(
(29)	(-0.02, 0.3, 9.42)	(-30.5, -86.75, 40.375)	(0.0, -0.002181661564992912, -0.001090830782496456)	(0.0, 0.0, -1.75)	(0.9998779296875, 0.01544189453125, 6.103515625e-05, 0.0)	(0.01, 0.0, -0.34)	(0.0, 0.3, 9.8)	(0,	3,	0,	0)	(1700357108.9333181)	(
(29)	(0.0, 0.31, 9.44)	(-31.5625, -86.0625, 42.0)	(0.0, 0.0, 0.0)	(0.0, 0.0, -1.75)	(0.9998779296875, 0.01544189453125, 6.103515625e-05, 0.0)	(0.0, -0.02, -0.33)	(0.0, 0.3, 9.8)	(0,	3,	0,	0)	(1700357108.9881685)	(
(29)	(0.0, 0.3, 9.450000000000001)	(-30.75, -86.75, 40.75)	(0.0, 0.0, -0.002181661564992912)	(0.0, 0.0, -1.75)	(0.9998779296875, 0.01544189453125, 6.103515625e-05, 0.0)	(-0.02, -0.03, -0.34)	(0.0, 0.3, 9.8)	(0,	3,	0,	0)	(1700357109.0385866)	(
(29)	(-0.03, 0.27, 9.46)	(-29.75, -86.75, 42.375)	(-0.001090830782496456, 0.003272492347489368, -0.001090830782496456)	(0.0, 0.0, -1.75)	(0.9998779296875, 0.01544189453125, 6.103515625e-05, 0.0)	(-0.01, 0.0, -0.32)	(0.0, 0.3, 9.8)	(0,	3,	0,	0)	(1700357109.1016943)	(
(29)	(-0.01, 0.31, 9.46)	(-30.75, -87.1875, 41.25)	(0.001090830782496456, -0.001090830782496456, 0.0)	(0.0, 0.0, -1.75)	(0.9998779296875, 0.01544189453125, 6.103515625e-05, 0.0)	(-0.01, -0.01, -0.35000000000000003)	(0.0, 0.3, 9.8)	(0,	3,	0,	0)	(1700357109.1518366)	(
(29)	(-0.01, 0.29, 9.48)	(-30.75, -87.1875, 41.25)	(0.001090830782496456, 0.001090830782496456, 0.001090830782496456)	(0.0, 0.0, -1.75)	(0.9998779296875, 0.01544189453125, 6.103515625e-05, 0.0)	(-0.02, -0.01, -0.35000000000000003)	(0.0, 0.3, 9.8)	(0,	3,	0,	0)	(1700357109.208711)	(
(29)	(-0.02, 0.3, 9.450000000000001)	(-30.75, -86.375, 41.5625)	(0.13962634015954636, -0.002181661564992912, 0.0)	(0.0, 0.0, -1.75)	(0.9998779296875, 0.01544189453125, 6.103515625e-05, 0.0)	(-0.02, -0.01, -0.35000000000000003)	(0.0, 0.3, 9.8)	(0,	3,	0,	0)	(1700357109.2583895)	(
(29)	(-0.01, 0.29, 9.47)	(-30.75, -87.1875, 42.0)	(-0.002181661564992912, 0.001090830782496456, 0.0)	(0.0, 0.0, -1.75)	(0.9998779296875, 0.01544189453125, 6.103515625e-05, 0.0)	(-0.02, -0.01, -0.33)	(0.0, 0.3, 9.8)	(0,	3,	0,	0)	(1700357109.3114452)	(
(29)	(-0.03, 0.3, 9.48)	(-30.5, -86.0625, 42.0)	(0.001090830782496456, -0.002181661564992912, 0.001090830782496456)	(0.0, 0.0, -1.75)	(0.9998779296875, 0.01544189453125, 6.103515625e-05, 0.0)	(1.28, 0.0, -0.35000000000000003)	(0.0, 0.3, 9.8)	(0,	3,	0,	0)	(1700357109.3607268)	(
(29)	(-0.02, 0.29, 9.450000000000001)	(-31.5625, -85.75, 41.25)	(0.001090830782496456, -0.004363323129985824, 0.001090830782496456)	(0.0, 0.0, -1.75)	(0.9998779296875, 0.01544189453125, 6.103515625e-05, 0.0)	(-0.03, 0.01, -0.33)	(1.28, 0.3, 9.8)	(0,	3,	0,	0)	(1700357109.4151537)	(
(29)	(-0.01, 0.26, 9.5)	(-30.75, -86.375, 42.375)	(0.0, 0.001090830782496456, 0.003272492347489368)	(0.0, 0.0, -1.75)	(0.9998779296875, 0.01544189453125, 6.103515625e-05, 0.0)	(-0.01, 0.01, -0.34)	(0.0, 0.3, 9.8)	(0,	3,	0,	0)	(1700357109.4645104)	(
(29)	(-0.02, 0.29, 9.450000000000001)	(-30.0625, -86.375, 42.375)	(0.0, 0.0, 0.0)	(0.0, 0.0, -1.75)	(0.9998779296875, 0.01544189453125, 6.103515625e-05, 0.0)	(-0.01, 0.01, -0.34)	(0.0, 0.3, 9.8)	(0,	3,	0,	0)	(1700357109.5193348)	(
(29)	(0.0, 0.32, 9.450000000000001)	(-30.0625, -86.375, 42.0)	(0.001090830782496456, 0.001090830782496456, 0.0)	(0.0, 0.0, -1.75)	(0.9998779296875, 0.01544189453125, 6.103515625e-05, 0.0)	(0.0, 0.0, -0.36)	(0.0, 0.3, 9.8)	(0,	3,	0,	0)	(1700357109.5695667)	(
(29)	(-0.01, 0.31, 9.46)	(-31.1875, -86.75, 41.5625)	(0.001090830782496456, -0.002181661564992912, 0.0)	(0.0, 0.0, -1.75)	(0.9998779296875, 0.01544189453125, 6.103515625e-05, 0.0)	(-0.01, -0.02, -0.31)	(0.0, 0.3, 9.8)	(0,	3,	0,	0)	(1700357109.6236203)	(
(29)	(0.0, 0.31, 9.44)	(-31.1875, -86.75, 42.75)	(0.001090830782496456, -0.002181661564992912, 0.0)	(0.0, 0.0, -1.75)	(0.9998779296875, 0.01544189453125, 6.103515625e-05, 0.0)	(-0.02, -0.01, -0.33)	(0.0, 0.3, 9.8)	(0,	3,	0,	0)	(1700357109.6740077)	(
(29)	(0.0, 0.3, 9.43)	(-29.75, -86.0625, 40.875)	(-0.001090830782496456, 0.002181661564992912, 0.0)	(0.0, 0.0, -1.75)	(0.9998779296875, 0.01544189453125, 6.103515625e-05, 0.0)	(-0.01, 0.0, -0.35000000000000003)	(0.0, 0.3, 9.8)	(0,	3,	0,	0)	(1700357109.7355917)	(
(29)	(-0.02, 0.28, 9.46)	(-31.1875, -86.75, 42.75)	(-0.001090830782496456, -0.001090830782496456, 0.0)	(0.0, 0.0, -1.75)	(0.9998779296875, 0.01544189453125, 6.103515625e-05, 0.0)	(-0.02, 0.0, -0.32)	(0.0, 0.3, 9.8)	(0,	3,	0,	0)	(1700357109.783234)	(
(29)	(-0.02, 0.3, 9.450000000000001)	(-30.5, -86.375, 41.5625)	(-0.001090830782496456, 0.0, 0.001090830782496456)	(0.0, 0.0, -1.75)	(0.9998779296875, 0.01544189453125, 6.103515625e-05, 0.0)	(0.01, 0.03, -0.34)	(0.0, 0.3, 9.8)	(0,	3,	0,	0)	(1700357109.8385315)	(
(29)	(0.0, 0.27, 9.47)	(-30.0625, -86.375, 41.5625)	(-0.001090830782496456, 0.001090830782496456, 0.0)	(0.0, 0.0, -1.75)	(0.9998779296875, 0.01544189453125, 6.103515625e-05, 0.0)	(-0.02, -0.01, -0.33)	(1.28, 0.3, 9.8)	(0,	3,	0,	0)	(1700357109.8853528)	(
(29)	(0.0, 0.3, 9.43)	(-30.0625, -86.0625, 42.0)	(-0.002181661564992912, 0.002181661564992912, 0.001090830782496456)	(0.0, 0.0, -1.75)	(0.9998779296875, 0.01544189453125, 6.103515625e-05, 0.0)	(0.0, 0.0, -0.34)	(0.0, 0.3, 9.8)	(0,	3,	0,	0)	(1700357109.9391706)	(
(29)	(-0.01, 0.3, 9.43)	(-30.5, -86.375, 42.375)	(-0.001090830782496456, 0.001090830782496456, 0.0)	(0.0, 0.0, -1.75)	(0.9998779296875, 0.01544189453125, 6.103515625e-05, 0.0)	(0.0, -0.01, -0.34)	(0.0, 0.3, 9.8)	(0,	3,	0,	0)	(1700357109.9888942)	(
(29)	(-0.01, 0.3, 9.42)	(-29.75, -87.1875, 41.25)	(-0.001090830782496456, -0.003272492347489368, 0.001090830782496456)	(0.0, 0.0, -1.75)	(0.9998779296875, 0.01544189453125, 6.103515625e-05, 0.0)	(0.0, -0.01, -0.34)	(0.0, 0.3, 9.8)	(0,	3,	0,	0)	(1700357110.0504634)	(
(29)	(0.0, 0.29, 9.44)	(-30.75, -86.0625, 41.25)	(0.0, -0.001090830782496456, 0.001090830782496456)	(0.0, 0.0, -1.75)	(0.9998779296875, 0.01544189453125, 6.103515625e-05, 0.0)	(0.0, -0.02, -0.33)	(0.0, 0.3, 9.8)	(0,	3,	0,	0)	(1700357110.1001856)	(
(29)	(0.0, 0.3, 9.44)	(-30.5, -86.375, 41.5625)	(0.0, 0.0, 0.001090830782496456)	(0.0, 0.0, -1.75)	(0.9998779296875, 0.01544189453125, 6.103515625e-05, 0.0)	(0.0, 0.0, -0.35000000000000003)	(0.0, 0.3, 9.8)	(0,	3,	0,	0)	(1700357110.1642482)	(
(29)	(0.0, 0.3, 9.48)	(-30.0625, -87.1875, 42.0625)	(0.0, 0.002181661564992912, 0.0)	(0.0, 0.0, -1.75)	(0.9998779296875, 0.01544189453125, 6.103515625e-05, 0.0)	(-0.01, 0.0, -0.35000000000000003)	(0.0, 0.3, 9.8)	(0,	3,	0,	0)	(1700357110.225178)	(
(29)	(-0.02, 0.32, 9.450000000000001)	(-30.75, -85.75, 42.75)	(0.001090830782496456, -0.002181661564992912, 0.0)	(0.0, 0.0, -1.75)	(0.9998779296875, 0.01544189453125, 6.103515625e-05, 0.0)	(0.01, 0.0, -0.31)	(0.0, 0.3, 9.8)	(0,	3,	0,	0)	(1700357110.280887)	(
(29)	(-0.01, 0.28, 9.44)	(-30.0625, -86.75, 41.5625)	(-0.001090830782496456, 0.0, 0.002181661564992912)	(0.0, 0.0, -1.75)	(0.9998779296875, 0.01544189453125, 6.103515625e-05, 0.0)	(-0.01, 0.0, -0.35000000000000003)	(0.0, 0.3, 9.8)	(0,	3,	0,	0)	(1700357110.3487659)	(
(29)	(-0.01, 0.3, 9.46)	(-31.1875, -86.375, 42.375)	(0.001090830782496456, -0.001090830782496456, 0.0)	(0.0, 0.0, -1.75)	(0.9998779296875, 0.01544189453125, 6.103515625e-05, 0.0)	(-0.02, 0.02, -0.32)	(0.0, 0.3, 9.8)	(0,	3,	0,	0)	(1700357110.4114792)	(
(29)	(-0.01, 0.29, 9.450000000000001)	(-31.1875, -86.75, 41.5625)	(0.001090830782496456, 0.0, 0.0)	(0.0, 0.0, -1.75)	(0.9998779296875, 0.01544189453125, 6.103515625e-05, 0.0)	(0.0, 0.0, -0.35000000000000003)	(0.0, 0.3, 9.8)	(0,	3,	0,	0)	(1700357110.4649956)	(
(29)	(0.0, 0.29, 9.48)	(-30.0625, -86.0625, 40.75)	(-0.001090830782496456, 0.003272492347489368, 0.0)	(0.0, 0.0, -1.75)	(0.9998779296875, 0.01544189453125, 6.103515625e-05, 0.0)	(-0.02, -0.02, -0.34)	(0.0, 0.3, 9.8)	(0,	3,	0,	0)	(1700357110.5355947)	(
(29)	(-0.03, 0.3, 9.450000000000001)	(-31.5625, -86.0625, 42.0625)	(0.001090830782496456, 0.0, 0.001090830782496456)	(0.0, 0.0, -1.75)	(0.9998779296875, 0.01544189453125, 6.103515625e-05, 0.0)	(-0.03, -0.01, -0.33)	(0.0, 0.3, 9.8)	(0,	3,	0,	0)	(1700357110.5885398)	(
(29)	(0.0, 0.3, 9.47)	(-30.5, -85.75, 42.0)	(0.0, 0.0, 0.0)	(0.0, 0.0, -1.75)	(0.9998779296875, 0.01544189453125, 6.103515625e-05, 0.0)	(0.0, -0.02, -0.31)	(0.0, 0.3, 9.8)	(0,	3,	0,	0)	(1700357110.653933)	(
(29)	(-0.02, 0.28, 9.46)	(-30.75, -87.5625, 41.5625)	(0.0, 0.001090830782496456, 0.0)	(0.0, 0.0, -1.75)	(0.9998779296875, 0.01544189453125, 6.103515625e-05, 0.0)	(-0.02, -0.01, -0.34)	(0.0, 0.3, 9.8)	(0,	3,	0,	0)	(1700357110.7065396)	(
(29)	(-0.01, 0.33, 9.46)	(-30.5, -86.75, 42.375)	(0.0, 0.001090830782496456, -0.001090830782496456)	(0.0, 0.0, -1.75)	(0.9998779296875, 0.01544189453125, 6.103515625e-05, 0.0)	(0.0, 0.01, -0.33)	(0.0, 0.3, 9.8)	(0,	3,	0,	0)	(1700357110.7655606)	(
(29)	(-0.01, 0.32, 9.450000000000001)	(-30.0625, -86.375, 42.0)	(0.002181661564992912, -0.001090830782496456, -0.001090830782496456)	(0.0, 0.0, -1.75)	(0.9998779296875, 0.01544189453125, 6.103515625e-05, 0.0)	(-0.02, 0.02, -0.35000000000000003)	(0.0, 0.3, 9.8)	(0,	3,	0,	0)	(1700357110.8167102)	(
(29)	(-0.01, 0.28, 9.48)	(-30.0625, -86.75, 41.25)	(0.0, 0.0, -0.001090830782496456)	(0.0, 0.0, -1.75)	(0.9998779296875, 0.01544189453125, 6.103515625e-05, 0.0)	(0.0, 0.0, -0.31)	(0.0, 0.3, 9.8)	(0,	3,	0,	0)	(1700357110.8929007)	(
(29)	(0.0, 0.32, 9.450000000000001)	(-30.75, -86.375, 41.25)	(-0.002181661564992912, 0.001090830782496456, -0.001090830782496456)	(0.0, 0.0, -1.75)	(0.9998779296875, 0.01544189453125, 6.103515625e-05, 0.0)	(-0.01, 0.0, -0.35000000000000003)	(0.0, 0.3, 9.8)	(0,	3,	0,	0)	(1700357110.9781194)	(
(29)	(0.0, 0.31, 9.46)	(-30.5, -86.375, 41.25)	(0.001090830782496456, 0.0, 0.0)	(0.0, 0.0, -1.75)	(0.9998779296875, 0.01544189453125, 6.103515625e-05, 0.0)	(0.0, 0.0, -0.34)	(0.0, 0.3, 9.8)	(0,	3,	0,	0)	(1700357111.056218)	(
(29)	(0.0, 0.29, 9.46)	(-31.1875, -86.375, 42.375)	(0.0, 0.0, -0.001090830782496456)	(0.0, 0.0, -1.75)	(0.9998779296875, 0.01544189453125, 6.103515625e-05, 0.0)	(-0.01, 0.0, -0.33)	(0.0, 0.3, 9.8)	(0,	3,	0,	0)	(1700357111.127432)	(
(29)	(-0.02, 0.3, 9.43)	(-30.5, -86.0625, 41.5625)	(0.001090830782496456, -0.00545415391248228, -0.001090830782496456)	(0.0, 0.0, -1.75)	(0.9998779296875, 0.01544189453125, 6.103515625e-05, 0.0)	(-0.01, 0.02, -0.3)	(0.0, 0.3, 9.8)	(0,	3,	0,	0)	(1700357111.2009017)	(
(29)	(0.0, 0.3, 9.44)	(-30.5, -86.75, 41.5625)	(0.0, -0.002181661564992912, -0.001090830782496456)	(0.0, 0.0, -1.75)	(0.9998779296875, 0.01544189453125, 6.103515625e-05, 0.0)	(-0.01, 0.0, -0.34)	(0.0, 0.3, 9.8)	(0,	3,	0,	0)	(1700357111.2680185)	(
(29)	(-0.02, 0.29, 9.47)	(-30.75, -86.75, 41.5625)	(0.0, -0.001090830782496456, 0.001090830782496456)	(0.0, 0.0, -1.75)	(0.9998779296875, 0.01544189453125, 6.103515625e-05, 0.0)	(0.0, -0.01, -0.33)	(0.0, 0.3, 9.8)	(0,	3,	0,	0)	(1700357111.3463354)	(
(29)	(0.01, 0.33, 9.47)	(-30.75, -86.375, 42.375)	(-0.001090830782496456, 0.001090830782496456, 0.002181661564992912)	(0.0, 0.0, -1.75)	(0.9998779296875, 0.01544189453125, 6.103515625e-05, 0.0)	(0.0, 0.0, -0.36)	(0.0, 0.3, 9.8)	(0,	3,	0,	0)	(1700357111.409181)	(
(29)	(-0.01, 0.32, 9.44)	(-30.75, -86.375, 41.25)	(0.001090830782496456, 0.001090830782496456, 0.0)	(0.0, 0.0, -1.75)	(0.9998779296875, 0.01544189453125, 6.103515625e-05, 0.0)	(0.0, -0.01, -0.35000000000000003)	(0.0, 0.3, 9.8)	(0,	3,	0,	0)	(1700357111.467443)	(
(29)	(-0.01, 0.29, 9.44)	(-31.1875, -86.75, 42.0)	(-0.003272492347489368, -0.001090830782496456, 0.001090830782496456)	(0.0, 0.0, -1.75)	(0.9998779296875, 0.01544189453125, 6.103515625e-05, 0.0)	(-0.01, -0.01, -0.36)	(0.0, 0.3, 9.8)	(0,	3,	0,	0)	(1700357111.5238638)	(
(29)	(0.0, 0.31, 9.450000000000001)	(-31.1875, -86.75, 43.5625)	(0.0, 0.003272492347489368, 0.0)	(0.0, 0.0, -1.75)	(0.9998779296875, 0.01544189453125, 6.103515625e-05, 0.0)	(0.01, -0.01, -0.32)	(0.0, 0.3, 9.8)	(0,	3,	0,	0)	(1700357111.587556)	(
(29)	(-0.02, 0.28, 9.450000000000001)	(-30.75, -86.0625, 42.375)	(-0.001090830782496456, -0.003272492347489368, -0.001090830782496456)	(0.0, 0.0, -1.75)	(0.9998779296875, 0.01544189453125, 6.103515625e-05, 0.0)	(-0.02, 0.0, -0.34)	(0.0, 0.3, 9.8)	(0,	3,	0,	0)	(1700357111.677917)	(
(29)	(-0.01, 0.29, 9.450000000000001)	(-31.1875, -86.375, 41.25)	(-0.001090830782496456, -0.002181661564992912, -0.002181661564992912)	(0.0, 0.0, -1.75)	(0.9998779296875, 0.01544189453125, 6.103515625e-05, 0.0)	(0.0, 0.0, -0.35000000000000003)	(0.0, 0.3, 9.8)	(0,	3,	0,	0)	(1700357111.7688353)	(
(29)	(-0.01, 0.28, 9.47)	(-30.75, -86.75, 41.5625)	(0.002181661564992912, -0.002181661564992912, 0.001090830782496456)	(0.0, 0.0, -1.75)	(0.9998779296875, 0.01544189453125, 6.103515625e-05, 0.0)	(-0.01, -0.02, -0.34)	(0.0, 0.3, 9.8)	(0,	3,	0,	0)	(1700357111.8437233)	(
(29)	(0.0, 0.3, 9.44)	(-31.875, -86.375, 42.0)	(0.0, 0.002181661564992912, -0.002181661564992912)	(0.0, 0.0, -1.75)	(0.9998779296875, 0.01544189453125, 6.103515625e-05, 0.0)	(-0.02, 0.0, -0.35000000000000003)	(1.28, 0.3, 9.8)	(0,	3,	0,	0)	(1700357111.91927)	(
(29)	(-0.01, 0.27, 9.47)	(-30.5, -86.375, 41.25)	(-0.001090830782496456, -0.002181661564992912, 0.0)	(0.0, 0.0, -1.75)	(0.9998779296875, 0.01544189453125, 6.103515625e-05, 0.0)	(0.0, 0.0, -0.34)	(0.0, 0.3, 9.8)	(0,	3,	0,	0)	(1700357111.9898837)	(
(29)	(0.0, 0.31, 9.450000000000001)	(-30.5, -86.0625, 42.0)	(-0.001090830782496456, 0.002181661564992912, -0.001090830782496456)	(0.0, 0.0, -1.75)	(0.9998779296875, 0.01544189453125, 6.103515625e-05, 0.0)	(1.29, -0.01, -0.32)	(0.0, 0.3, 9.8)	(0,	3,	0,	0)	(1700357112.0673418)	(
(29)	(0.0, 0.3, 9.46)	(-31.1875, -87.5625, 41.5625)	(0.001090830782496456, 0.0, -0.001090830782496456)	(0.0, 0.0, -1.75)	(0.9998779296875, 0.01544189453125, 6.103515625e-05, 0.0)	(-0.02, 0.0, -0.33)	(0.0, 0.3, 9.8)	(0,	3,	0,	0)	(1700357112.1475933)	(
(29)	(-0.01, 0.3, 9.44)	(-31.5625, -87.1875, 41.5625)	(-0.001090830782496456, 0.002181661564992912, 0.001090830782496456)	(0.0, 0.0, -1.75)	(0.9998779296875, 0.01544189453125, 6.103515625e-05, 0.0)	(0.0, -0.01, -0.38)	(0.0, 0.3, 9.8)	(0,	3,	0,	0)	(1700357112.2371137)	(
(29)	(-0.01, 0.29, 9.43)	(-30.75, -87.1875, 42.0)	(0.0, -0.001090830782496456, 0.0)	(0.0, 0.0, -1.75)	(0.9998779296875, 0.01544189453125, 6.103515625e-05, 0.0)	(0.0, 0.0, -0.31)	(0.0, 0.3, 9.8)	(0,	3,	0,	0)	(1700357112.31651)	(
(29)	(-0.01, 0.29, 9.46)	(-30.75, -86.375, 41.5625)	(0.001090830782496456, 0.002181661564992912, -0.001090830782496456)	(0.0, 0.0, -1.75)	(0.9998779296875, 0.01544189453125, 6.103515625e-05, 0.0)	(-0.02, 0.0, -0.36)	(0.0, 0.3, 9.8)	(0,	3,	0,	0)	(1700357112.3764315)	(
(29)	(-0.01, 0.29, 9.44)	(-30.75, -87.1875, 42.0)	(0.002181661564992912, -0.002181661564992912, 0.0)	(0.0, 0.0, -1.75)	(0.9998779296875, 0.01544189453125, 6.103515625e-05, 0.0)	(0.0, 0.0, -0.32)	(0.0, 0.3, 9.8)	(0,	3,	0,	0)	(1700357112.439918)	(
(29)	(0.0, 0.3, 9.44)	(-30.5, -85.75, 41.25)	(0.001090830782496456, -0.001090830782496456, 0.001090830782496456)	(0.0, 0.0, -1.75)	(0.9998779296875, 0.01544189453125, 6.103515625e-05, 0.0)	(0.0, 0.01, -0.34)	(0.0, 0.3, 9.8)	(0,	3,	0,	0)	(1700357112.4925833)	(
(29)	(0.0, 0.29, 9.46)	(-30.5, -86.0625, 41.5625)	(0.002181661564992912, -0.002181661564992912, 0.003272492347489368)	(0.0, 0.0, -1.75)	(0.9998779296875, 0.01544189453125, 6.103515625e-05, 0.0)	(-0.01, 0.0, -0.35000000000000003)	(0.0, 0.3, 9.8)	(0,	3,	0,	0)	(1700357112.5511353)	(
(29)	(-0.02, 0.29, 9.450000000000001)	(-31.1875, -86.375, 42.375)	(0.001090830782496456, 0.001090830782496456, 0.0)	(0.0, 0.0, -1.75)	(0.9998779296875, 0.01544189453125, 6.103515625e-05, 0.0)	(0.0, 0.02, -0.32)	(0.0, 0.3, 9.8)	(0,	3,	0,	0)	(1700357112.6116178)	(
(29)	(-0.02, 0.3, 9.48)	(-31.1875, -87.1875, 42.375)	(0.001090830782496456, 0.0, -0.001090830782496456)	(0.0, 0.0, -1.75)	(0.9998779296875, 0.01544189453125, 6.103515625e-05, 0.0)	(0.01, 0.0, -0.34)	(0.0, 0.3, 9.8)	(0,	3,	0,	0)	(1700357112.6853263)	(
(29)	(-0.02, 0.33, 9.44)	(-31.1875, -86.0625, 42.0625)	(0.003272492347489368, -0.004363323129985824, -0.001090830782496456)	(0.0, 0.0, -1.75)	(0.9998779296875, 0.01544189453125, 6.103515625e-05, 0.0)	(0.0, 0.0, -0.33)	(0.0, 0.3, 9.8)	(0,	3,	0,	0)	(1700357112.7632763)	(
(29)	(0.0, 0.29, 9.450000000000001)	(-30.75, -86.75, 42.0)	(0.0, 0.002181661564992912, 0.0)	(0.0, 0.0, -1.75)	(0.9998779296875, 0.01544189453125, 6.103515625e-05, 0.0)	(0.0, 0.0, -0.33)	(0.0, 0.3, 9.8)	(0,	3,	0,	0)	(1700357112.8232708)	(
(29)	(0.0, 0.3, 9.47)	(-30.5, -87.1875, 41.5625)	(0.001090830782496456, -0.001090830782496456, 0.001090830782496456)	(0.0, 0.0, -1.75)	(0.9998779296875, 0.01544189453125, 6.103515625e-05, 0.0)	(-0.01, 0.0, -0.35000000000000003)	(0.0, 0.3, 9.8)	(0,	3,	0,	0)	(1700357112.8813663)	(
(29)	(0.0, 0.32, 9.48)	(-30.75, -87.1875, 42.0625)	(0.001090830782496456, -0.002181661564992912, 0.001090830782496456)	(0.0, 0.0, -1.75)	(0.9998779296875, 0.01544189453125, 6.103515625e-05, 0.0)	(0.0, 0.0, -0.34)	(0.0, 0.3, 9.8)	(0,	3,	0,	0)	(1700357112.956594)	(
(29)	(0.0, 0.3, 9.450000000000001)	(-30.75, -87.1875, 42.0)	(0.0, 0.0, -0.001090830782496456)	(0.0, 0.0, -1.75)	(0.9998779296875, 0.01544189453125, 6.103515625e-05, 0.0)	(0.0, -0.01, -0.33)	(0.0, 0.3, 9.8)	(0,	3,	0,	0)	(1700357113.0348432)	(
(29)	(-0.01, 0.28, 9.49)	(-30.75, -86.0625, 41.5625)	(0.0, 0.001090830782496456, 0.001090830782496456)	(0.0, 0.0, -1.75)	(0.9998779296875, 0.01544189453125, 6.103515625e-05, 0.0)	(-0.03, 0.01, -0.34)	(0.0, 0.3, 9.8)	(0,	3,	0,	0)	(1700357113.088731)	(
(29)	(0.0, 0.26, 9.44)	(-30.75, -87.875, 41.25)	(0.001090830782496456, 0.003272492347489368, -0.001090830782496456)	(0.0, 0.0, -1.75)	(0.9998779296875, 0.01544189453125, 6.103515625e-05, 0.0)	(0.0, -0.01, -0.33)	(0.0, 0.3, 9.8)	(0,	3,	0,	0)	(1700357113.1700912)	(
(29)	(-0.02, 0.3, 9.44)	(-31.875, -87.1875, 42.375)	(0.002181661564992912, -0.001090830782496456, 0.002181661564992912)	(0.0, 0.0, -1.75)	(0.9998779296875, 0.01544189453125, 6.103515625e-05, 0.0)	(0.0, 0.0, -0.36)	(0.0, 0.3, 9.8)	(0,	3,	0,	0)	(1700357113.2297611)	(
(29)	(-0.02, 0.28, 9.47)	(-31.5625, -87.1875, 42.375)	(-0.001090830782496456, 0.002181661564992912, 0.001090830782496456)	(0.0, 0.0, -1.75)	(0.9998779296875, 0.01544189453125, 6.103515625e-05, 0.0)	(-0.01, 0.0, -0.35000000000000003)	(0.0, 0.3, 9.8)	(0,	3,	0,	0)	(1700357113.289425)	(
(29)	(-0.03, 0.31, 9.44)	(-30.5, -86.75, 41.5625)	(0.0, 0.003272492347489368, 0.0)	(0.0, 0.0, -1.75)	(0.9998779296875, 0.01544189453125, 6.103515625e-05, 0.0)	(-0.02, -0.01, -0.34)	(0.0, 0.3, 9.8)	(0,	3,	0,	0)	(1700357113.3589272)	(
(29)	(-0.01, 0.31, 9.5)	(-29.75, -86.75, 42.0)	(0.0, -0.001090830782496456, 0.0)	(0.0, 0.0, -1.75)	(0.9998779296875, 0.01544189453125, 6.103515625e-05, 0.0)	(-0.01, -0.01, -0.31)	(0.0, 0.3, 9.8)	(0,	3,	0,	0)	(1700357113.4153624)	(
(29)	(0.0, 0.3, 9.450000000000001)	(-30.5, -86.75, 40.5)	(0.001090830782496456, 0.0, 0.001090830782496456)	(0.0, 0.0, -1.75)	(0.9998779296875, 0.01544189453125, 6.103515625e-05, 0.0)	(-0.03, 0.0, -0.34)	(0.0, 0.3, 9.8)	(0,	3,	0,	0)	(1700357113.511159)	(
(29)	(-0.02, 0.3, 9.46)	(-31.1875, -86.375, 40.5)	(0.001090830782496456, -0.001090830782496456, 0.002181661564992912)	(0.0, 0.0, -1.75)	(0.9998779296875, 0.01544189453125, 6.103515625e-05, 0.0)	(0.01, 0.01, -0.35000000000000003)	(0.0, 0.3, 9.8)	(0,	3,	0,	0)	(1700357113.5917094)	(
(29)	(-0.01, 0.3, 9.49)	(-30.0625, -86.375, 40.875)	(0.001090830782496456, -0.002181661564992912, 0.001090830782496456)	(0.0, 0.0, -1.75)	(0.9998779296875, 0.01544189453125, 6.103515625e-05, 0.0)	(-0.02, -0.02, -0.34)	(1.28, 0.3, 9.8)	(0,	3,	0,	0)	(1700357113.667789)	(
(29)	(-0.02, 0.31, 9.450000000000001)	(-30.75, -86.75, 41.5625)	(0.0, 0.0, 0.001090830782496456)	(0.0, 0.0, -1.75)	(0.9998779296875, 0.01544189453125, 6.103515625e-05, 0.0)	(-0.01, 0.0, -0.37)	(0.0, 0.3, 9.8)	(0,	3,	0,	0)	(1700357113.739057)	(
(29)	(-0.02, 0.3, 9.450000000000001)	(-30.5, -86.375, 41.5625)	(-0.001090830782496456, 0.002181661564992912, -0.001090830782496456)	(8.0, 0.0, -1.75)	(0.9998779296875, 0.01544189453125, 6.103515625e-05, 0.0)	(0.0, -0.02, -0.32)	(0.0, 0.3, 9.8)	(0,	3,	0,	0)	(1700357113.8038383)	(
(29)	(-0.01, 0.3, 9.46)	(-31.1875, -86.75, 42.375)	(0.0, -0.002181661564992912, 0.0)	(0.0, 0.0, -1.75)	(0.9998779296875, 0.01544189453125, 6.103515625e-05, 0.0)	(0.0, 0.0, -0.34)	(0.0, 0.3, 9.8)	(0,	3,	0,	0)	(1700357113.8834248)	(
(29)	(-0.01, 0.27, 9.450000000000001)	(-30.5, -86.375, 41.5625)	(0.0, -0.001090830782496456, -0.002181661564992912)	(0.0, 0.0, -1.75)	(0.9998779296875, 0.01544189453125, 6.103515625e-05, 0.0)	(0.01, -0.01, -0.36)	(0.0, 0.3, 9.8)	(0,	3,	0,	0)	(1700357113.9387825)	(
(29)	(-0.03, 0.3, 9.44)	(-30.0625, -86.375, 41.5625)	(0.001090830782496456, -0.002181661564992912, 0.0)	(0.0, 0.0, -1.75)	(0.9998779296875, 0.01544189453125, 6.103515625e-05, 0.0)	(-0.02, 0.0, -0.34)	(0.0, 0.3, 9.8)	(0,	3,	0,	0)	(1700357113.9950461)	(
(29)	(0.0, 0.29, 9.450000000000001)	(-31.5625, -86.75, 42.0625)	(0.1407171709420428, -0.001090830782496456, -0.002181661564992912)	(0.0, 0.0, -1.75)	(0.9998779296875, 0.01544189453125, 6.103515625e-05, 0.0)	(0.0, 0.0, -0.33)	(0.0, 0.3, 9.8)	(0,	3,	0,	0)	(1700357114.0499227)	(
(29)	(0.0, 0.3, 9.44)	(-30.5, -86.0625, 41.25)	(0.0, -0.001090830782496456, -0.001090830782496456)	(0.0, 0.0, -1.75)	(0.9998779296875, 0.01544189453125, 6.103515625e-05, 0.0)	(-0.01, -0.01, -0.34)	(1.28, 0.3, 9.8)	(0,	3,	0,	0)	(1700357114.1054196)	(
(29)	(-0.01, 0.29, 9.43)	(-31.1875, -87.1875, 42.0)	(0.001090830782496456, -0.001090830782496456, -0.003272492347489368)	(0.0, 0.0, -1.75)	(0.9998779296875, 0.01544189453125, 6.103515625e-05, 0.0)	(-0.03, 0.0, -0.33)	(0.0, 0.3, 9.8)	(0,	3,	0,	0)	(1700357114.1645048)	(
(29)	(0.0, 0.3, 9.450000000000001)	(-30.0625, -87.1875, 40.75)	(0.001090830782496456, 0.0, -0.003272492347489368)	(0.0, 0.0, -1.75)	(0.9998779296875, 0.01544189453125, 6.103515625e-05, 0.0)	(-0.01, -0.01, -0.34)	(0.0, 0.3, 9.8)	(0,	3,	0,	0)	(1700357114.2272596)	(
(29)	(0.0, 0.27, 9.450000000000001)	(-29.75, -87.1875, 41.5625)	(-0.001090830782496456, 0.001090830782496456, 0.0)	(0.0, 0.0, -1.75)	(0.9998779296875, 0.01544189453125, 6.103515625e-05, 0.0)	(-0.01, -0.01, -0.35000000000000003)	(0.0, 0.3, 9.8)	(0,	3,	0,	0)	(1700357114.2852316)	(
(29)	(-0.01, 0.3, 9.47)	(-30.0625, -86.375, 41.5625)	(0.0, -0.001090830782496456, -0.001090830782496456)	(0.0, 0.0, -1.75)	(0.9998779296875, 0.01544189453125, 6.103515625e-05, 0.0)	(0.0, 0.0, -0.35000000000000003)	(0.0, 0.3, 9.8)	(0,	3,	0,	0)	(1700357114.3394654)	(
(29)	(-0.01, 0.29, 9.450000000000001)	(-30.5, -87.1875, 42.375)	(0.0, 0.002181661564992912, 0.0)	(0.0, 0.0, -1.75)	(0.9998779296875, 0.01544189453125, 6.103515625e-05, 0.0)	(-0.01, 0.0, -0.33)	(0.0, 0.3, 9.8)	(0,	3,	0,	0)	(1700357114.4607952)	(
(29)	(-0.02, 0.31, 9.5)	(-30.0625, -86.0625, 41.25)	(0.1407171709420428, -0.002181661564992912, 0.002181661564992912)	(0.0, 0.0, -1.75)	(0.9998779296875, 0.01544189453125, 6.103515625e-05, 0.0)	(-0.01, 0.0, -0.34)	(0.0, 0.3, 9.8)	(0,	3,	0,	0)	(1700357114.5240414)	(
(29)	(0.0, 0.28, 9.46)	(-31.1875, -87.1875, 42.375)	(0.0, -0.002181661564992912, 0.003272492347489368)	(0.0, 0.0, -1.75)	(0.9998779296875, 0.01544189453125, 6.103515625e-05, 0.0)	(-0.01, 0.0, -0.37)	(0.0, 0.3, 9.8)	(0,	3,	0,	0)	(1700357114.577448)	(
(29)	(-0.02, 0.31, 9.47)	(-30.0625, -86.0625, 41.25)	(0.0, -0.001090830782496456, 0.002181661564992912)	(0.0, 0.0, -1.75)	(0.9998779296875, 0.01544189453125, 6.103515625e-05, 0.0)	(-0.01, 0.01, -0.36)	(0.0, 0.3, 9.8)	(0,	3,	0,	0)	(1700357114.6361268)	(
(29)	(-0.01, 0.29, 9.46)	(-30.0625, -85.75, 42.0)	(-0.001090830782496456, -0.001090830782496456, 0.0)	(0.0, 0.0, -1.75)	(0.9998779296875, 0.01544189453125, 6.103515625e-05, 0.0)	(0.0, 0.0, -0.34)	(0.0, 0.3, 9.8)	(0,	3,	0,	0)	(1700357114.7064176)	(
(29)	(-0.02, 0.28, 9.43)	(-30.75, -86.0625, 42.0625)	(0.0, -0.001090830782496456, 0.0)	(0.0, 0.0, -1.75)	(0.9998779296875, 0.01544189453125, 6.103515625e-05, 0.0)	(-0.02, 0.0, -0.34)	(0.0, 0.3, 9.8)	(0,	3,	0,	0)	(1700357114.754307)	(
(29)	(0.0, 0.29, 9.44)	(-30.5, -85.75, 42.375)	(0.001090830782496456, -0.002181661564992912, -0.001090830782496456)	(0.0, 0.0, -1.75)	(0.9998779296875, 0.01544189453125, 6.103515625e-05, 0.0)	(0.0, 0.01, -0.35000000000000003)	(0.0, 0.3, 9.8)	(0,	3,	0,	0)	(1700357114.8100538)	(
(29)	(0.0, 0.29, 9.43)	(-30.75, -86.0625, 41.5625)	(-0.001090830782496456, -0.001090830782496456, 0.001090830782496456)	(0.0, 0.0, -1.75)	(0.9998779296875, 0.01544189453125, 6.103515625e-05, 0.0)	(-0.02, 0.0, -0.34)	(0.0, 0.3, 9.8)	(0,	3,	0,	0)	(1700357114.8590696)	(
(29)	(-0.01, 0.27, 9.46)	(-30.75, -86.75, 41.5625)	(0.0, -0.001090830782496456, 0.002181661564992912)	(0.0, 0.0, -1.75)	(0.9998779296875, 0.01544189453125, 6.103515625e-05, 0.0)	(-0.03, 0.0, -0.33)	(0.0, 0.3, 9.8)	(0,	3,	0,	0)	(1700357114.91368)	(
(29)	(-0.02, 0.32, 9.46)	(-31.5625, -87.1875, 41.25)	(0.0, 0.001090830782496456, 0.0)	(0.0, 0.0, -1.75)	(0.9998779296875, 0.01544189453125, 6.103515625e-05, 0.0)	(0.0, 0.02, -0.32)	(0.0, 0.3, 9.8)	(0,	3,	0,	0)	(1700357114.9627929)	(
(29)	(-0.02, 0.31, 9.450000000000001)	(-30.75, -86.75, 40.375)	(-0.001090830782496456, 0.001090830782496456, 0.001090830782496456)	(0.0, 0.0, -1.75)	(0.9998779296875, 0.01544189453125, 6.103515625e-05, 0.0)	(-0.01, -0.03, -0.32)	(0.0, 0.3, 9.8)	(0,	3,	0,	0)	(1700357115.0156837)	(
(29)	(0.0, 0.29, 9.450000000000001)	(-30.75, -86.75, 41.25)	(0.0, 0.003272492347489368, -0.002181661564992912)	(0.0, 0.0, -1.75)	(0.9998779296875, 0.01544189453125, 6.103515625e-05, 0.0)	(0.0, 0.0, -0.35000000000000003)	(0.0, 0.3, 9.8)	(0,	3,	0,	0)	(1700357115.0644016)	(
(29)	(0.0, 0.3, 9.48)	(-30.75, -86.75, 41.25)	(0.0, 0.001090830782496456, -0.001090830782496456)	(0.0, 0.0, -1.75)	(0.9998779296875, 0.01544189453125, 6.103515625e-05, 0.0)	(-0.01, 0.0, -0.34)	(0.0, 0.3, 9.8)	(0,	3,	0,	0)	(1700357115.1182945)	(
(29)	(-0.03, 0.28, 9.43)	(-30.75, -86.375, 41.5625)	(-0.001090830782496456, 0.003272492347489368, 0.0)	(0.0, 0.0, -1.75)	(0.9998779296875, 0.01544189453125, 6.103515625e-05, 0.0)	(0.0, 0.0, -0.34)	(0.0, 0.3, 9.8)	(0,	3,	0,	0)	(1700357115.1672778)	(
(29)	(0.0, 0.28, 9.450000000000001)	(-30.0625, -87.5625, 41.25)	(0.0, 0.003272492347489368, 0.002181661564992912)	(0.0, 0.0, -1.75)	(0.9998779296875, 0.01544189453125, 6.103515625e-05, 0.0)	(-0.03, 0.0, -0.34)	(0.0, 0.3, 9.8)	(0,	3,	0,	0)	(1700357115.2248688)	(
(29)	(-0.01, 0.31, 9.44)	(-29.375, -86.375, 41.5625)	(0.001090830782496456, 0.001090830782496456, -0.001090830782496456)	(0.0, 0.0, -1.75)	(0.9998779296875, 0.01544189453125, 6.103515625e-05, 0.0)	(-0.02, 0.0, -0.34)	(0.0, 0.3, 9.8)	(0,	3,	0,	0)	(1700357115.2751358)	(
(29)	(-0.02, 0.3, 9.42)	(-30.75, -86.75, 41.6875)	(0.001090830782496456, -0.001090830782496456, -0.004363323129985824)	(0.0, 0.0, -1.75)	(0.9998779296875, 0.01544189453125, 6.103515625e-05, 0.0)	(-0.01, 0.0, -0.36)	(0.0, 0.3, 9.8)	(0,	3,	0,	0)	(1700357115.3311527)	(
(29)	(0.0, 0.3, 9.46)	(-30.75, -86.0625, 42.0)	(0.002181661564992912, -0.002181661564992912, -0.002181661564992912)	(0.0, 0.0, -1.75)	(0.9998779296875, 0.01544189453125, 6.103515625e-05, 0.0)	(-0.01, 0.0, -0.35000000000000003)	(0.0, 0.3, 9.8)	(0,	3,	0,	0)	(1700357115.391462)	(
(29)	(-0.01, 0.3, 9.450000000000001)	(-30.75, -86.375, 41.5625)	(-0.001090830782496456, 0.00545415391248228, 0.0)	(0.0, 0.0, -1.75)	(0.9998779296875, 0.01544189453125, 6.103515625e-05, 0.0)	(0.0, -0.02, -0.31)	(0.0, 0.3, 9.8)	(0,	3,	0,	0)	(1700357115.4630737)	(
(29)	(-0.01, 0.29, 9.47)	(-30.75, -86.0625, 41.5625)	(0.0, -0.004363323129985824, -0.001090830782496456)	(0.0, 0.0, -1.75)	(0.9998779296875, 0.01544189453125, 6.103515625e-05, 0.0)	(-0.03, 0.0, -0.35000000000000003)	(0.0, 0.3, 9.8)	(0,	3,	0,	0)	(1700357115.5199678)	(
(29)	(0.0, 0.31, 9.47)	(-22.5, -86.0625, 41.5625)	(0.001090830782496456, 0.001090830782496456, 0.0)	(0.0, 0.0, -1.75)	(0.9998779296875, 0.01544189453125, 6.103515625e-05, 0.0)	(-0.03, 0.0, -0.39)	(0.0, 0.3, 9.8)	(0,	3,	0,	0)	(1700357115.58014)	(
(29)	(0.0, 0.28, 9.49)	(-31.1875, -86.375, 42.375)	(-0.001090830782496456, 0.0, -0.002181661564992912)	(0.0, 0.0, -1.75)	(0.9998779296875, 0.01544189453125, 6.103515625e-05, 0.0)	(0.01, -0.01, -0.36)	(0.0, 0.3, 9.8)	(0,	3,	0,	0)	(1700357115.6323721)	(
(29)	(-0.01, 0.28, 9.46)	(-30.0625, -86.0625, 41.25)	(0.001090830782496456, 0.0, -0.001090830782496456)	(0.0, 0.0, -1.75)	(0.9998779296875, 0.01544189453125, 6.103515625e-05, 0.0)	(-0.01, 0.0, -0.33)	(0.0, 0.3, 9.8)	(0,	3,	0,	0)	(1700357115.700402)	(
(29)	(0.01, 0.3, 9.43)	(-30.5, -86.375, 42.0)	(0.0, -0.001090830782496456, 0.0)	(0.0, 0.0, -1.75)	(0.9998779296875, 0.01544189453125, 6.103515625e-05, 0.0)	(-0.01, -0.01, -0.34)	(0.0, 0.3, 9.8)	(0,	3,	0,	0)	(1700357115.7512844)	(
(29)	(0.0, 0.27, 9.48)	(-30.75, -86.75, 40.75)	(0.0, 0.0, -0.001090830782496456)	(0.0, 0.0, -1.75)	(0.9998779296875, 0.01544189453125, 6.103515625e-05, 0.0)	(-0.01, 0.0, -0.35000000000000003)	(0.0, 0.3, 9.8)	(0,	3,	0,	0)	(1700357115.8146403)	(
