Temp (c), Acc
(26)	(0.0, 0.2, 9.41)	(-31.0625, -87.375, 40.5625)	(0.0, 0.001090830782496456, 0.0)	(0.0, 0.0, 0.0)	(0.0, 0.0, 0.0, 0.0)	(0.0, 0.0, 0.0)	(0.0, 0.0, 0.0)	(0,	0,	0,	0)	(1700352225.39357)	(
(26)	(-0.01, 0.21, 9.44)	(-31.0625, -87.375, 40.5625)	(0.0, -0.002181661564992912, -0.002181661564992912)	(0.0, 0.0, 0.0)	(0.0, 0.0, 0.0, 0.0)	(0.0, 0.0, 0.0)	(0.0, 0.0, 9.8)	(0,	0,	0,	0)	(1700352225.4297247)	(
(26)	(0.01, 0.2, 9.44)	(-31.0625, -87.375, 40.5625)	(0.0, -0.003272492347489368, -0.002181661564992912)	(0.0, 0.0, 0.0)	(1.0, 0.0, 0.0, 0.0)	(0.0, 0.19, -0.33)	(0.0, 0.0, 9.8)	(0,	0,	0,	0)	(1700352225.4616258)	(
(26)	(-0.02, 0.21, 9.450000000000001)	(-23.5, -87.375, 40.6875)	(-0.002181661564992912, 0.0, -0.001090830782496456)	(8.0, 0.0, 0.0)	(0.99993896484375, 0.0107421875, 0.00030517578125, 0.0)	(1.28, -0.01, -0.37)	(1.28, 0.21, 9.8)	(0,	0,	0,	0)	(1700352225.499068)	(
(26)	(0.0, 0.19, 9.43)	(-23.5, -87.375, 40.6875)	(-0.002181661564992912, -0.001090830782496456, -0.002181661564992912)	(360.0, 0.0, -1.1875)	(0.99993896484375, 0.0107421875, 0.00030517578125, 0.0)	(1.28, 0.0, -0.35000000000000003)	(1.28, 0.21, 9.8)	(0,	0,	0,	0)	(1700352225.5383496)	(
(26)	(-0.01, 0.19, 9.46)	(-32.25, -87.75, 41.375)	(0.1407171709420428, -0.002181661564992912, -0.002181661564992912)	(360.0, 0.0, -1.1875)	(0.99993896484375, 0.0107421875, 0.00030517578125, 0.0)	(1.28, 0.0, -0.35000000000000003)	(1.28, 0.21, 9.8)	(0,	0,	0,	0)	(1700352225.576559)	(
(26)	(1.28, 0.22, 9.41)	(-31.875, -85.875, 41.0625)	(-0.001090830782496456, -0.002181661564992912, -0.001090830782496456)	(360.0, 0.0, -1.1875)	(0.99993896484375, 0.0107421875, 0.00030517578125, 0.0)	(1.29, 0.0, -0.34)	(1.28, 0.21, 9.8)	(0,	0,	0,	0)	(1700352225.6145952)	(
(26)	(1.28, 0.2, 9.450000000000001)	(-31.0625, -86.6875, 41.75)	(-0.002181661564992912, -0.002181661564992912, -0.002181661564992912)	(360.0, 0.0, -1.1875)	(0.99993896484375, 0.0107421875, 0.00030517578125, 0.0)	(1.29, -0.01, -0.37)	(1.28, 0.21, 9.8)	(2,	0,	0,	0)	(1700352225.6541893)	(
(26)	(1.28, 0.2, 9.44)	(-30.75, -87.0, 41.375)	(0.003272492347489368, -0.002181661564992912, 0.0)	(360.0, 0.0, -1.1875)	(0.99993896484375, 0.0107421875, 0.00030517578125, 0.0)	(0.0, 0.0, -0.37)	(0.0, 0.21, 9.8)	(0,	0,	0,	0)	(1700352225.6958447)	(
(26)	(-0.01, 0.2, 9.46)	(-30.75, -87.0, 41.375)	(-0.002181661564992912, 0.001090830782496456, -0.002181661564992912)	(360.0, 0.0, -1.1875)	(0.99993896484375, 0.0107421875, 0.00030517578125, 0.0)	(0.01, 0.0, -0.35000000000000003)	(0.0, 0.21, 9.8)	(0,	0,	0,	0)	(1700352225.7395747)	(
(26)	(0.02, 0.2, 9.42)	(-31.875, -86.6875, 42.25)	(0.13962634015954636, 0.0, -0.003272492347489368)	(360.0, 0.0, -1.1875)	(0.99993896484375, 0.0107421875, 0.00030517578125, 0.0)	(1.28, 0.0, -0.33)	(1.28, 0.21, 9.8)	(0,	0,	0,	0)	(1700352225.7822845)	(
(26)	(0.01, 0.18, 9.42)	(-31.875, -86.25, 41.375)	(-0.002181661564992912, -0.001090830782496456, 0.002181661564992912)	(360.0, 0.0, -1.1875)	(0.99993896484375, 0.0107421875, 0.00030517578125, 0.0)	(0.01, 0.0, -0.35000000000000003)	(1.28, 0.21, 9.8)	(0,	0,	0,	0)	(1700352225.832381)	(
(26)	(0.0, 0.21, 9.43)	(-31.0625, -87.0, 42.25)	(-0.001090830782496456, -0.001090830782496456, 0.001090830782496456)	(360.0, 0.0, -1.1875)	(0.99993896484375, 0.0107421875, 0.00030517578125, 0.0)	(0.01, 0.01, -0.33)	(0.0, 0.21, 9.8)	(0,	0,	0,	0)	(1700352225.8775904)	(
(26)	(0.0, 0.21, 9.42)	(-31.0625, -86.25, 40.25)	(-0.002181661564992912, 0.0, 0.001090830782496456)	(360.0, 0.0, -1.1875)	(0.99993896484375, 0.0107421875, 0.00030517578125, 0.0)	(None, None, None)	(0.0, 0.21, 9.8)	(0,	0,	0,	0)	(1700352225.9038646)	(
(26)	(-0.01, 0.22, 9.47)	(-30.75, -86.25, 41.375)	(-0.001090830782496456, 0.0, 0.0)	(360.0, 0.0, -1.1875)	(0.99993896484375, 0.0107421875, 0.00030517578125, 0.0)	(-0.01, 0.0, -0.34)	(0.0, 0.21, 9.8)	(2,	0,	0,	0)	(1700352225.9319592)	(
(26)	(0.0, 0.2, 9.450000000000001)	(-30.75, -86.25, 41.375)	(0.0, -0.003272492347489368, -0.002181661564992912)	(360.0, 0.0, -1.1875)	(0.99993896484375, 0.0107421875, 0.00030517578125, 0.0)	(0.01, 0.0, -0.37)	(0.0, 0.21, 9.8)	(2,	0,	0,	0)	(1700352225.9618762)	(
(26)	(-0.01, 0.21, 9.450000000000001)	(-31.875, -87.375, 41.0625)	(-0.001090830782496456, -0.004363323129985824, -0.001090830782496456)	(360.0, 0.0, -1.1875)	(0.99993896484375, 0.0107421875, 0.00030517578125, 0.0)	(0.0, 0.0, -0.36)	(0.0, 0.21, 9.8)	(2,	0,	0,	0)	(1700352225.9914684)	(
(26)	(0.0, 0.17, 9.44)	(-31.875, -87.375, 41.0625)	(-0.001090830782496456, -0.001090830782496456, -0.003272492347489368)	(360.0, 0.0, -1.1875)	(0.99993896484375, 0.0107421875, 0.00030517578125, 0.0)	(0.0, 0.0, -0.36)	(0.0, 0.21, 9.8)	(2,	0,	0,	0)	(1700352226.0198252)	(
(26)	(0.0, 0.21, 9.43)	(-30.75, -86.6875, 41.0625)	(0.001090830782496456, -0.002181661564992912, 0.0)	(360.0, 0.0, -1.1875)	(0.99993896484375, 0.0107421875, 0.00030517578125, 0.0)	(0.0, -0.01, -0.36)	(0.0, 0.21, 9.8)	(2,	0,	0,	0)	(1700352226.0503924)	(
(26)	(0.0, 0.21, 9.47)	(-30.75, 1961.3125, 41.0625)	(-0.001090830782496456, 0.002181661564992912, 0.001090830782496456)	(360.0, 0.0, -1.1875)	(0.99993896484375, 0.0107421875, 0.00030517578125, 0.0)	(0.0, 0.0, -0.37)	(0.0, 0.21, 9.8)	(2,	0,	0,	0)	(1700352226.084853)	(
(26)	(0.0, 0.2, 9.44)	(-31.0625, -86.6875, 43.0)	(0.0, -0.001090830782496456, 0.002181661564992912)	(360.0, 0.0, -1.1875)	(0.99993896484375, 0.0107421875, 0.00030517578125, 0.0)	(-0.01, -0.01, -0.34)	(0.0, 0.21, 9.8)	(0,	3,	0,	0)	(1700352226.114453)	(
(26)	(0.0, 0.18, 9.43)	(-30.75, -87.0, 40.6875)	(-0.003272492347489368, 0.002181661564992912, -0.001090830782496456)	(360.0, 0.0, -1.1875)	(0.99993896484375, 0.0107421875, 0.00030517578125, 0.0)	(0.0, 0.0, -0.37)	(0.0, 0.21, 9.8)	(0,	3,	0,	0)	(1700352226.1488125)	(
(26)	(0.0, 0.18, 9.450000000000001)	(-31.875, -86.6875, 40.25)	(0.002181661564992912, 0.0, 0.001090830782496456)	(360.0, 0.0, -1.1875)	(0.99993896484375, 0.0107421875, 0.00030517578125, 0.0)	(0.01, 0.0, -0.38)	(0.0, 0.21, 9.8)	(0,	3,	0,	0)	(1700352226.2098885)	(
(26)	(0.0, 0.21, 9.44)	(-30.375, -86.6875, 40.6875)	(0.0, -0.002181661564992912, 0.0)	(360.0, 0.0, -1.1875)	(0.99993896484375, 0.0107421875, 0.00030517578125, 0.0)	(0.0, -0.01, -0.35000000000000003)	(0.0, 0.21, 9.8)	(0,	3,	0,	0)	(1700352226.2669742)	(
(26)	(0.01, 0.21, 9.43)	(-30.375, -86.6875, 41.875)	(0.001090830782496456, -0.002181661564992912, 0.0)	(360.0, 0.0, -1.1875)	(0.99993896484375, 0.0107421875, 0.00030517578125, 0.0)	(-0.02, -0.02, -0.33)	(0.0, 0.21, 9.8)	(0,	3,	0,	0)	(1700352226.3229733)	(
(26)	(0.0, 0.2, 9.4)	(-31.0625, -87.0, 40.25)	(0.0, -0.001090830782496456, 0.001090830782496456)	(360.0, 0.0, -1.1875)	(0.99993896484375, 0.0107421875, 0.00030517578125, 0.0)	(-0.02, 0.0, -0.36)	(0.0, 0.21, 9.8)	(0,	3,	0,	0)	(1700352226.3843224)	(
(26)	(0.0, 0.21, 9.43)	(-30.375, -87.0, 42.25)	(-0.002181661564992912, 0.002181661564992912, 0.0)	(360.0, 0.0, -1.1875)	(0.99993896484375, 0.0107421875, 0.00030517578125, 0.0)	(0.0, -0.01, -0.36)	(0.0, 0.21, 9.8)	(0,	3,	0,	0)	(1700352226.4428291)	(
(26)	(0.0, 0.21, 9.450000000000001)	(-32.5625, -87.75, 40.6875)	(0.001090830782496456, 0.0, -0.001090830782496456)	(360.0, 0.0, -1.1875)	(0.99993896484375, 0.0107421875, 0.00030517578125, 0.0)	(-0.01, 0.0, -0.36)	(0.0, 0.21, 9.8)	(0,	3,	0,	0)	(1700352226.502339)	(
(26)	(0.0, 0.19, 9.450000000000001)	(-31.875, -86.25, 42.25)	(0.0, 0.002181661564992912, 0.0)	(360.0, 0.0, -1.1875)	(0.99993896484375, 0.0107421875, 0.00030517578125, 0.0)	(0.0, 0.0, -0.36)	(0.0, 0.21, 9.8)	(0,	3,	0,	0)	(1700352226.56532)	(
(26)	(0.02, 0.22, 9.44)	(-31.875, -87.0, 41.5)	(-0.001090830782496456, -0.001090830782496456, 0.001090830782496456)	(360.0, 0.0, -1.1875)	(0.99993896484375, 0.0107421875, 0.00030517578125, 0.0)	(0.0, 0.0, -0.36)	(0.0, 0.21, 9.8)	(0,	3,	0,	0)	(1700352226.620003)	(
(26)	(0.0, 0.2, 9.43)	(-32.25, -86.6875, 42.25)	(0.001090830782496456, 0.0, 0.0)	(360.0, 0.0, -1.1875)	(0.99993896484375, 0.0107421875, 0.00030517578125, 0.0)	(0.0, -0.01, -0.38)	(0.0, 0.21, 9.8)	(0,	3,	0,	0)	(1700352226.6737943)	(
(26)	(0.0, 0.2, 9.44)	(-31.875, -87.375, 41.875)	(0.13962634015954636, -0.004363323129985824, 0.0)	(360.0, 0.0, -1.1875)	(0.99993896484375, 0.0107421875, 0.00030517578125, 0.0)	(0.0, -0.01, -0.34)	(0.0, 0.21, 9.8)	(0,	3,	0,	0)	(1700352226.7263477)	(
(26)	(0.0, 0.21, 9.47)	(-31.5, -87.0, 41.875)	(0.0, 0.0, 0.0)	(360.0, 0.0, -1.1875)	(0.99993896484375, 0.0107421875, 0.00030517578125, 0.0)	(0.01, -0.02, -0.37)	(0.0, 0.21, 9.8)	(0,	3,	0,	0)	(1700352226.7866101)	(
(26)	(0.0, 0.2, 9.450000000000001)	(-31.0625, -86.25, 41.0625)	(0.0, 0.002181661564992912, 0.001090830782496456)	(360.0, 0.0, -1.1875)	(0.99993896484375, 0.0107421875, 0.00030517578125, 0.0)	(0.0, 0.01, -0.34)	(0.0, 0.21, 9.8)	(0,	3,	0,	0)	(1700352226.8424206)	(
(26)	(-0.02, 0.2, 9.42)	(-31.5, -86.6875, 42.5625)	(0.002181661564992912, -0.002181661564992912, 0.0)	(360.0, 0.0, -1.1875)	(0.99993896484375, 0.0107421875, 0.00030517578125, 0.0)	(0.0, 0.0, -0.34)	(0.0, 0.21, 9.8)	(0,	3,	0,	0)	(1700352226.9058766)	(
(26)	(0.0, 0.2, 9.42)	(-31.875, -86.6875, 41.5)	(-0.001090830782496456, 0.003272492347489368, -0.001090830782496456)	(360.0, 0.0, -1.1875)	(0.99993896484375, 0.0107421875, 0.00030517578125, 0.0)	(0.03, -0.01, -0.37)	(0.0, 0.21, 9.8)	(0,	3,	0,	0)	(1700352226.9597025)	(
(26)	(0.0, 0.22, 9.44)	(-31.5, -86.6875, 42.5625)	(0.0, 0.0, 0.002181661564992912)	(360.0, 0.0, -1.1875)	(0.99993896484375, 0.0107421875, 0.00030517578125, 0.0)	(-0.01, -0.02, -0.34)	(0.0, 0.21, 9.8)	(0,	3,	0,	0)	(1700352227.030523)	(
(26)	(0.0, 0.22, 9.42)	(-30.0625, -86.6875, 41.5)	(-0.001090830782496456, -0.002181661564992912, 0.001090830782496456)	(360.0, 0.0, -1.1875)	(0.99993896484375, 0.0107421875, 0.00030517578125, 0.0)	(0.01, 0.0, -0.34)	(0.0, 0.21, 9.8)	(0,	3,	0,	0)	(1700352227.0916681)	(
(26)	(0.0, 0.18, 9.44)	(-32.25, -87.375, 40.6875)	(-0.001090830782496456, 0.002181661564992912, 0.001090830782496456)	(360.0, 0.0, -1.1875)	(0.99993896484375, 0.0107421875, 0.00030517578125, 0.0)	(-0.01, -0.02, -0.38)	(0.0, 0.21, 9.8)	(0,	3,	0,	0)	(1700352227.1557708)	(
(26)	(-0.01, 0.22, 9.44)	(-31.5, -87.0625, 40.6875)	(0.001090830782496456, 0.0, 0.0)	(360.0, 0.0, -1.1875)	(0.99993896484375, 0.0107421875, 0.00030517578125, 0.0)	(0.02, 0.0, -0.39)	(0.0, 0.21, 9.8)	(0,	3,	0,	0)	(1700352227.2208664)	(
(26)	(0.0, 0.21, 9.47)	(-32.25, -86.6875, 42.25)	(-0.001090830782496456, -0.002181661564992912, 0.001090830782496456)	(360.0, 0.0, -1.1875)	(0.99993896484375, 0.0107421875, 0.00030517578125, 0.0)	(0.0, -0.01, -0.35000000000000003)	(0.0, 0.21, 9.8)	(0,	3,	0,	0)	(1700352227.27875)	(
(26)	(0.0, 0.2, 9.44)	(-32.25, -87.375, 41.5)	(-0.001090830782496456, 0.0, 0.001090830782496456)	(360.0, 0.0, -1.1875)	(0.99993896484375, 0.0107421875, 0.00030517578125, 0.0)	(0.0, 0.0, -0.35000000000000003)	(0.0, 0.21, 9.8)	(0,	3,	0,	0)	(1700352227.3458579)	(
(26)	(0.0, 0.21, 9.43)	(-31.875, -86.6875, 41.0625)	(0.0, 0.0, 0.001090830782496456)	(360.0, 0.0, -1.1875)	(0.99993896484375, 0.0107421875, 0.00030517578125, 0.0)	(0.01, -0.01, -0.32)	(0.0, 0.21, 9.8)	(0,	3,	0,	0)	(1700352227.4053466)	(
(26)	(0.0, 0.21, 9.43)	(-31.0625, -87.0625, 42.25)	(0.0, -0.002181661564992912, 0.001090830782496456)	(360.0, 0.0, -1.1875)	(0.99993896484375, 0.0107421875, 0.00030517578125, 0.0)	(-0.01, -0.01, -0.36)	(0.0, 0.21, 9.8)	(0,	3,	0,	0)	(1700352227.464611)	(
(26)	(0.0, 0.22, 9.450000000000001)	(-31.875, -86.25, 41.875)	(0.0, 0.002181661564992912, 0.0)	(360.0, 0.0, -1.1875)	(0.99993896484375, 0.0107421875, 0.00030517578125, 0.0)	(0.01, 0.0, -0.33)	(0.0, 0.21, 9.8)	(0,	3,	0,	0)	(1700352227.529117)	(
(26)	(0.0, 0.22, 9.43)	(-31.5, -86.25, 41.875)	(-0.001090830782496456, 0.0, 0.0)	(360.0, 0.0, -1.1875)	(0.99993896484375, 0.0107421875, 0.00030517578125, 0.0)	(0.01, 0.0, -0.33)	(0.0, 0.21, 9.8)	(0,	3,	0,	0)	(1700352227.5854619)	(
(26)	(0.01, 0.19, 9.44)	(-30.75, -87.375, 41.875)	(-0.001090830782496456, 0.001090830782496456, -0.001090830782496456)	(360.0, 0.0, -1.1875)	(0.99993896484375, 0.0107421875, 0.00030517578125, 0.0)	(0.0, -0.01, -0.36)	(0.0, 0.21, 9.8)	(0,	3,	0,	0)	(1700352227.648337)	(
(26)	(-0.01, 0.19, 9.43)	(-31.875, -86.6875, 41.5)	(0.001090830782496456, 0.001090830782496456, 0.002181661564992912)	(360.0, 0.0, -1.1875)	(0.99993896484375, 0.0107421875, 0.00030517578125, 0.0)	(0.0, 0.01, -0.36)	(0.0, 0.21, 9.8)	(0,	3,	0,	0)	(1700352227.701908)	(
(26)	(-0.01, 0.22, 9.47)	(-31.0625, -86.6875, 39.875)	(0.0, 0.0, 0.0)	(360.0, 0.0, -1.1875)	(0.99993896484375, 0.0107421875, 0.00030517578125, 0.0)	(0.0, 0.0, -0.35000000000000003)	(1.28, 0.21, 9.8)	(0,	3,	0,	0)	(1700352227.7601385)	(
(26)	(0.0, 0.19, 9.450000000000001)	(-32.25, -87.0625, 41.5)	(-0.001090830782496456, 0.0, -0.001090830782496456)	(360.0, 0.0, -1.1875)	(0.99993896484375, 0.0107421875, 0.00030517578125, 0.0)	(0.01, 0.0, -0.37)	(0.0, 0.21, 9.8)	(0,	3,	0,	0)	(1700352227.8156655)	(
(26)	(0.01, 0.19, 9.44)	(-31.5, -86.6875, 41.875)	(-0.001090830782496456, -0.003272492347489368, 0.001090830782496456)	(360.0, 0.0, -1.1875)	(0.99993896484375, 0.0107421875, 0.00030517578125, 0.0)	(0.0, -0.02, -0.33)	(0.0, 0.21, 9.8)	(0,	3,	0,	0)	(1700352227.8727725)	(
(26)	(0.0, 0.19, 9.42)	(-30.75, -85.875, 40.6875)	(0.001090830782496456, -0.002181661564992912, -0.001090830782496456)	(360.0, 0.0, -1.1875)	(0.99993896484375, 0.0107421875, 0.00030517578125, 0.0)	(0.0, 0.0, -0.33)	(0.0, 0.21, 9.8)	(0,	3,	0,	0)	(1700352227.9247377)	(
(26)	(0.0, 0.19, 9.43)	(-31.0625, -86.6875, 41.0625)	(0.0, 0.001090830782496456, -0.001090830782496456)	(360.0, 0.0, -1.1875)	(0.99993896484375, 0.0107421875, 0.00030517578125, 0.0)	(0.0, 0.0, -0.34)	(0.0, 0.21, 9.8)	(0,	3,	0,	0)	(1700352227.9768403)	(
(26)	(0.0, 0.19, 9.44)	(-31.0625, -86.25, 41.5)	(0.0, -0.001090830782496456, 0.001090830782496456)	(360.0, 0.0, -1.1875)	(0.99993896484375, 0.0107421875, 0.00030517578125, 0.0)	(0.02, 0.0, -0.36)	(0.0, 0.21, 9.8)	(0,	3,	0,	0)	(1700352228.0291047)	(
(26)	(0.0, 0.23, 9.44)	(-31.0625, -87.375, 42.25)	(0.0, 0.001090830782496456, 0.001090830782496456)	(360.0, 0.0, -1.1875)	(0.99993896484375, 0.0107421875, 0.00030517578125, 0.0)	(0.0, -0.01, -0.34)	(0.0, 0.21, 9.8)	(0,	3,	0,	0)	(1700352228.0838966)	(
(26)	(0.0, 0.18, 9.46)	(-31.875, -86.25, 40.6875)	(0.001090830782496456, 0.003272492347489368, 0.0)	(360.0, 0.0, -1.1875)	(0.99993896484375, 0.0107421875, 0.00030517578125, 0.0)	(0.0, -0.01, -0.36)	(0.0, 0.21, 9.8)	(0,	3,	0,	0)	(1700352228.1433158)	(
(26)	(0.0, 0.19, 9.450000000000001)	(-31.0625, -86.6875, 41.5)	(0.001090830782496456, 0.0, -0.001090830782496456)	(360.0, 0.0, -1.1875)	(0.99993896484375, 0.0107421875, 0.00030517578125, 0.0)	(0.0, 0.0, -0.33)	(0.0, 0.21, 9.8)	(0,	3,	0,	0)	(1700352228.1928427)	(
(26)	(-0.01, 0.2, 9.43)	(-31.5, -87.0625, 41.875)	(-0.002181661564992912, 0.002181661564992912, 0.0)	(360.0, 0.0, -1.1875)	(0.99993896484375, 0.0107421875, 0.00030517578125, 0.0)	(0.0, 0.0, -0.33)	(0.0, 0.21, 9.8)	(0,	3,	0,	0)	(1700352228.2436485)	(
(26)	(0.0, 0.19, 9.42)	(-31.5, -85.875, 41.875)	(0.0, 0.003272492347489368, 0.0)	(360.0, 0.0, -1.1875)	(0.99993896484375, 0.0107421875, 0.00030517578125, 0.0)	(0.0, 0.0, -0.35000000000000003)	(0.0, 0.21, 9.8)	(0,	3,	0,	0)	(1700352228.2951753)	(
(26)	(0.0, 0.19, 9.44)	(-31.875, -87.0625, 40.25)	(0.001090830782496456, -0.003272492347489368, 0.001090830782496456)	(360.0, 0.0, -1.1875)	(0.99993896484375, 0.0107421875, 0.00030517578125, 0.0)	(0.0, -0.01, -0.36)	(0.0, 0.21, 9.8)	(0,	3,	0,	0)	(1700352228.3469973)	(
(26)	(0.0, 0.19, 9.450000000000001)	(-30.75, -85.875, 41.875)	(0.001090830782496456, 0.0, 0.002181661564992912)	(360.0, 0.0, -1.1875)	(0.99993896484375, 0.0107421875, 0.00030517578125, 0.0)	(0.0, 0.0, -0.34)	(0.0, 0.21, 9.8)	(0,	3,	0,	0)	(1700352228.3970382)	(
(26)	(-0.02, 0.2, 9.450000000000001)	(-31.875, -86.25, 41.0625)	(0.0, 0.002181661564992912, 0.001090830782496456)	(360.0, 0.0, -1.1875)	(0.99993896484375, 0.0107421875, 0.00030517578125, 0.0)	(0.0, -0.02, -0.35000000000000003)	(0.0, 0.21, 9.8)	(0,	3,	0,	0)	(1700352228.4484248)	(
(26)	(-0.01, 0.17, 9.42)	(-31.5, -87.375, 41.0625)	(0.0, -0.001090830782496456, 0.001090830782496456)	(360.0, 0.0, -1.1875)	(0.99993896484375, 0.0107421875, 0.00030517578125, 0.0)	(0.0, -0.01, -0.34)	(0.0, 0.21, 9.8)	(0,	3,	0,	0)	(1700352228.503608)	(
(26)	(-0.02, 0.18, 9.46)	(-31.0625, -86.25, 42.5625)	(-0.001090830782496456, -0.002181661564992912, 0.003272492347489368)	(360.0, 0.0, -1.1875)	(0.99993896484375, 0.0107421875, 0.00030517578125, 0.0)	(0.01, -0.01, -0.34)	(0.0, 0.21, 9.8)	(0,	3,	0,	0)	(1700352228.5559018)	(
(26)	(-0.01, 0.22, 9.450000000000001)	(-31.875, -87.0625, 40.75)	(0.0, 0.001090830782496456, -0.001090830782496456)	(360.0, 0.0, -1.1875)	(0.99993896484375, 0.0107421875, 0.00030517578125, 0.0)	(0.0, -0.01, -0.36)	(0.0, 0.21, 9.8)	(0,	3,	0,	0)	(1700352228.6056027)	(
(26)	(0.0, 0.21, 9.46)	(-31.0625, -85.875, 40.25)	(0.0, 0.001090830782496456, -0.001090830782496456)	(360.0, 0.0, -1.1875)	(0.99993896484375, 0.0107421875, 0.00030517578125, 0.0)	(0.0, 0.0, -0.37)	(0.0, 0.21, 9.8)	(0,	3,	0,	0)	(1700352228.661655)	(
(26)	(0.0, 0.2, 9.44)	(-31.5, -86.25, 40.75)	(0.0, 0.001090830782496456, 0.001090830782496456)	(360.0, 0.0, -1.1875)	(0.99993896484375, 0.0107421875, 0.00030517578125, 0.0)	(0.0, 0.0, -0.37)	(0.0, 0.21, 9.8)	(0,	3,	0,	0)	(1700352228.7135649)	(
(26)	(-0.01, 0.2, 9.450000000000001)	(-31.875, -86.6875, 41.5)	(0.001090830782496456, -0.001090830782496456, 0.001090830782496456)	(360.0, 0.0, -1.1875)	(0.99993896484375, 0.0107421875, 0.00030517578125, 0.0)	(0.0, 0.0, -0.39)	(0.0, 0.21, 9.8)	(0,	3,	0,	0)	(1700352228.7677102)	(
(26)	(0.0, 0.19, 9.46)	(-30.375, -85.875, 41.875)	(0.0, 0.001090830782496456, 0.001090830782496456)	(360.0, 0.0, -1.1875)	(0.99993896484375, 0.0107421875, 0.00030517578125, 0.0)	(0.0, 0.0, -0.38)	(0.0, 0.21, 9.8)	(0,	3,	0,	0)	(1700352228.8215451)	(
(26)	(0.0, 0.19, 9.47)	(-31.5, -86.6875, 41.5)	(0.0, 0.002181661564992912, -0.001090830782496456)	(360.0, 0.0, -1.1875)	(0.99993896484375, 0.0107421875, 0.00030517578125, 0.0)	(0.0, -0.01, -0.36)	(0.0, 0.21, 9.8)	(0,	3,	0,	0)	(1700352228.8773797)	(
(26)	(0.0, 0.18, 9.46)	(-32.25, -86.6875, 41.0625)	(0.0, 0.004363323129985824, 0.001090830782496456)	(360.0, 0.0, -1.1875)	(0.99993896484375, 0.0107421875, 0.00030517578125, 0.0)	(-0.01, -0.02, -0.33)	(0.0, 0.21, 9.8)	(0,	3,	0,	0)	(1700352228.9322028)	(
(26)	(0.0, 0.18, 9.450000000000001)	(-31.875, -87.0625, 40.6875)	(0.0, 0.0, 0.002181661564992912)	(360.0, 0.0, -1.1875)	(0.99993896484375, 0.0107421875, 0.00030517578125, 0.0)	(-0.01, 0.0, -0.31)	(0.0, 0.21, 9.8)	(0,	3,	0,	0)	(1700352228.9900286)	(
(26)	(0.0, 0.22, 9.450000000000001)	(-31.875, -87.0625, 41.5)	(0.0, 0.001090830782496456, 0.002181661564992912)	(360.0, 0.0, -1.1875)	(0.99993896484375, 0.0107421875, 0.00030517578125, 0.0)	(0.01, 0.0, -0.35000000000000003)	(1.28, 0.21, 9.8)	(0,	3,	0,	0)	(1700352229.041083)	(
(26)	(0.0, 0.17, 9.43)	(-31.875, -87.0625, 41.875)	(-0.001090830782496456, 0.001090830782496456, 0.001090830782496456)	(360.0, 0.0, -1.1875)	(0.99993896484375, 0.0107421875, 0.00030517578125, 0.0)	(0.0, -0.01, -0.34)	(0.0, 0.21, 9.8)	(0,	3,	0,	0)	(1700352229.1070035)	(
(26)	(-0.02, 0.19, 9.450000000000001)	(-31.875, -87.0625, 42.25)	(0.001090830782496456, 0.0, -0.001090830782496456)	(360.0, 0.0, -1.1875)	(0.99993896484375, 0.0107421875, 0.00030517578125, 0.0)	(0.01, 0.0, -0.37)	(0.0, 0.21, 9.8)	(0,	3,	0,	0)	(1700352229.1684656)	(
(26)	(0.0, 0.22, 9.47)	(-31.5, -86.6875, 41.875)	(0.0, -0.002181661564992912, 0.001090830782496456)	(360.0, 0.0, -1.1875)	(0.99993896484375, 0.0107421875, 0.00030517578125, 0.0)	(0.02, -0.01, -0.34)	(0.0, 0.21, 9.8)	(0,	3,	0,	0)	(1700352229.235019)	(
(26)	(-0.01, 0.21, 9.43)	(2016.125, -86.6875, 40.6875)	(0.0, 0.001090830782496456, 0.001090830782496456)	(360.0, 0.0, -1.1875)	(0.99993896484375, 0.0107421875, 0.00030517578125, 0.0)	(0.0, 0.0, -0.36)	(0.0, 0.21, 9.8)	(0,	3,	0,	0)	(1700352229.2994308)	(
(26)	(0.0, 0.21, 9.46)	(-31.5, -86.6875, 40.75)	(0.0, -0.003272492347489368, 0.001090830782496456)	(360.0, 0.0, -1.1875)	(0.99993896484375, 0.0107421875, 0.00030517578125, 0.0)	(0.02, -0.01, -0.35000000000000003)	(0.0, 0.21, 9.8)	(0,	3,	0,	0)	(1700352229.3628948)	(
(26)	(0.0, 0.22, 9.46)	(-31.0625, -86.6875, 41.0625)	(-0.001090830782496456, 0.003272492347489368, 0.0)	(360.0, 0.0, -1.1875)	(0.99993896484375, 0.0107421875, 0.00030517578125, 0.0)	(0.0, -0.02, -0.34)	(0.0, 0.21, 9.8)	(0,	3,	0,	0)	(1700352229.4237905)	(
(26)	(None, None, None)	(-31.0625, -87.0625, 39.875)	(0.002181661564992912, -0.002181661564992912, 0.001090830782496456)	(360.0, 0.0, -1.1875)	(0.99993896484375, 0.0107421875, 0.00030517578125, 0.0)	(0.0, 0.0, -0.35000000000000003)	(0.0, 0.21, 9.8)	(0,	3,	0,	0)	(1700352229.4528806)	(
(26)	(0.0, 0.2, 9.43)	(-31.0625, -87.0625, 39.875)	(-0.001090830782496456, 0.0, -0.001090830782496456)	(360.0, 0.0, -1.1875)	(0.99993896484375, 0.0107421875, 0.00030517578125, 0.0)	(0.0, 0.01, -0.33)	(0.0, 0.21, 9.8)	(0,	3,	0,	0)	(1700352229.481184)	(
(26)	(0.0, 0.22, 9.43)	(-31.5, -86.6875, 41.5)	(0.0, 0.0, 0.002181661564992912)	(360.0, 0.0, -1.1875)	(0.99993896484375, 0.0107421875, 0.00030517578125, 0.0)	(0.0, 0.0, -0.37)	(0.0, 0.21, 9.8)	(0,	3,	0,	0)	(1700352229.5151498)	(
(26)	(0.02, 0.2, 9.43)	(-31.0625, -86.6875, 41.5)	(-0.001090830782496456, -0.002181661564992912, 0.001090830782496456)	(360.0, 0.0, -1.1875)	(0.99993896484375, 0.0107421875, 0.00030517578125, 0.0)	(0.0, 0.0, -0.33)	(0.0, 0.21, 9.8)	(0,	3,	0,	0)	(1700352229.5658512)	(
(26)	(0.0, 0.18, 9.47)	(-30.75, -86.6875, 42.25)	(0.0, 0.004363323129985824, 0.001090830782496456)	(360.0, 0.0, -1.1875)	(0.99993896484375, 0.0107421875, 0.00030517578125, 0.0)	(0.0, 0.0, -0.35000000000000003)	(0.0, 0.21, 9.8)	(0,	3,	0,	0)	(1700352229.6288116)	(
(26)	(0.0, 0.2, 9.44)	(-31.5, -86.6875, 41.0625)	(0.0, 0.001090830782496456, -0.003272492347489368)	(360.0, 0.0, -1.1875)	(0.99993896484375, 0.0107421875, 0.00030517578125, 0.0)	(0.02, -0.01, -0.34)	(0.0, 0.21, 9.8)	(0,	3,	0,	0)	(1700352229.6934013)	(
(26)	(0.01, 0.21, 9.41)	(-31.0625, -86.6875, 41.0625)	(0.001090830782496456, -0.001090830782496456, 0.0)	(360.0, 0.0, -1.1875)	(0.99993896484375, 0.0107421875, 0.00030517578125, 0.0)	(0.0, -0.02, -0.34)	(0.0, 0.21, 9.8)	(0,	3,	0,	0)	(1700352229.7545426)	(
(26)	(-0.02, 0.2, 9.43)	(-31.5, -86.6875, 42.25)	(0.0, -0.001090830782496456, 0.001090830782496456)	(360.0, 0.0, -1.1875)	(0.99993896484375, 0.0107421875, 0.00030517578125, 0.0)	(0.0, -0.01, -0.34)	(0.0, 0.21, 9.8)	(0,	3,	0,	0)	(1700352229.8093243)	(
(26)	(0.0, 0.19, 9.46)	(-31.0625, -86.25, 40.75)	(-0.002181661564992912, 0.001090830782496456, -0.001090830782496456)	(360.0, 0.0, -1.1875)	(0.99993896484375, 0.0107421875, 0.00030517578125, 0.0)	(0.01, -0.01, -0.37)	(0.0, 0.21, 9.8)	(0,	3,	0,	0)	(1700352229.8645184)	(
(26)	(0.0, 0.19, 9.450000000000001)	(-31.875, -87.0625, 41.5)	(0.0, 0.003272492347489368, 0.0)	(360.0, 0.0, -1.1875)	(0.99993896484375, 0.0107421875, 0.00030517578125, 0.0)	(0.0, -0.01, -0.37)	(0.0, 0.21, 9.8)	(0,	3,	0,	0)	(1700352229.9192562)	(
(26)	(1.28, 0.2, 9.450000000000001)	(-32.5625, -87.0625, 41.5)	(-0.001090830782496456, 0.002181661564992912, 0.0)	(360.0, 0.0, -1.1875)	(0.99993896484375, 0.0107421875, 0.00030517578125, 0.0)	(0.0, 0.0, -0.33)	(0.0, 0.21, 9.8)	(0,	3,	0,	0)	(1700352229.9977975)	(
(26)	(-0.01, 0.19, 9.43)	(-31.0625, -87.0625, 41.875)	(-0.001090830782496456, -0.001090830782496456, 0.001090830782496456)	(360.0, 0.0, -1.1875)	(0.99993896484375, 0.0107421875, 0.00030517578125, 0.0)	(0.0, -0.01, -0.35000000000000003)	(0.0, 0.21, 9.8)	(0,	3,	0,	0)	(1700352230.0643027)	(
(26)	(-0.01, 0.2, 9.46)	(-31.875, -86.25, 41.0625)	(0.001090830782496456, -0.001090830782496456, 0.0)	(360.0, 0.0, -1.1875)	(0.99993896484375, 0.0107421875, 0.00030517578125, 0.0)	(0.0, 0.0, -0.34)	(0.0, 0.21, 9.8)	(0,	3,	0,	0)	(1700352230.127255)	(
(26)	(-0.01, 0.21, 9.47)	(-31.875, -86.6875, 42.25)	(0.002181661564992912, -0.00545415391248228, -0.001090830782496456)	(360.0, 0.0, -1.1875)	(0.99993896484375, 0.0107421875, 0.00030517578125, 0.0)	(0.01, 0.0, -0.34)	(0.0, 0.21, 9.8)	(0,	3,	0,	0)	(1700352230.1828322)	(
(26)	(0.0, 0.19, 9.450000000000001)	(-31.5, -87.0625, 41.5)	(-0.001090830782496456, 0.0, -0.002181661564992912)	(360.0, 0.0, -1.1875)	(0.99993896484375, 0.0107421875, 0.00030517578125, 0.0)	(0.01, -0.02, -0.36)	(0.0, 0.21, 9.8)	(0,	3,	0,	0)	(1700352230.240839)	(
(26)	(0.0, 0.21, 9.44)	(-30.75, -87.0625, 41.875)	(0.001090830782496456, 0.001090830782496456, -0.001090830782496456)	(360.0, 0.0, -1.1875)	(0.99993896484375, 0.0107421875, 0.00030517578125, 0.0)	(0.02, -0.01, -0.35000000000000003)	(0.0, 0.21, 9.8)	(0,	3,	0,	0)	(1700352230.3214695)	(
(26)	(0.0, 0.19, 9.47)	(-31.5, -86.6875, 42.25)	(0.001090830782496456, -0.002181661564992912, 0.002181661564992912)	(360.0, 0.0, -1.1875)	(0.99993896484375, 0.0107421875, 0.00030517578125, 0.0)	(0.0, 0.0, -0.36)	(0.0, 0.21, 9.8)	(0,	3,	0,	0)	(1700352230.38614)	(
(26)	(0.0, 0.19, 9.43)	(-31.5, -87.0625, 43.0625)	(0.0, 0.001090830782496456, 0.0)	(360.0, 0.0, -1.1875)	(0.99993896484375, 0.0107421875, 0.00030517578125, 0.0)	(0.0, 0.0, -0.34)	(0.0, 0.21, 9.8)	(0,	3,	0,	0)	(1700352230.4539511)	(
(26)	(0.0, 0.22, 9.450000000000001)	(-31.875, -85.875, 41.5)	(0.0, 0.001090830782496456, -0.002181661564992912)	(360.0, 0.0, -1.1875)	(0.99993896484375, 0.0107421875, 0.00030517578125, 0.0)	(0.0, -0.01, -0.38)	(0.0, 0.21, 9.8)	(0,	3,	0,	0)	(1700352230.5133893)	(
(26)	(0.0, 0.18, 9.44)	(-30.75, -86.6875, 41.5)	(0.0, -0.001090830782496456, -0.002181661564992912)	(360.0, 0.0, -1.1875)	(0.99993896484375, 0.0107421875, 0.00030517578125, 0.0)	(0.02, -0.01, -0.37)	(0.0, 0.21, 9.8)	(0,	3,	0,	0)	(1700352230.576454)	(
(26)	(-0.02, 0.2, 9.48)	(-30.75, -86.25, 41.5)	(-0.001090830782496456, 0.001090830782496456, 0.0)	(360.0, 0.0, -1.1875)	(0.99993896484375, 0.0107421875, 0.00030517578125, 0.0)	(0.0, -0.02, -0.35000000000000003)	(0.0, 0.21, 9.8)	(0,	3,	0,	0)	(1700352230.6410885)	(
(26)	(-0.01, 0.2, 9.41)	(-30.75, -86.25, 42.6875)	(0.0, -0.001090830782496456, 0.001090830782496456)	(360.0, 0.0, -1.1875)	(0.99993896484375, 0.0107421875, 0.00030517578125, 0.0)	(0.0, 0.02, -0.35000000000000003)	(0.0, 0.21, 9.8)	(0,	3,	0,	0)	(1700352230.699634)	(
(26)	(0.0, 0.21, 9.44)	(-31.875, -87.0625, 41.875)	(-0.001090830782496456, -0.003272492347489368, 0.002181661564992912)	(360.0, 0.0, -1.1875)	(0.99993896484375, 0.0107421875, 0.00030517578125, 0.0)	(-0.01, -0.01, -0.34)	(0.0, 0.21, 9.8)	(0,	3,	0,	0)	(1700352230.759836)	(
(26)	(-0.01, 0.2, 9.44)	(-31.0625, -87.0625, 41.875)	(-0.001090830782496456, 0.0, 0.001090830782496456)	(360.0, 0.0, -1.1875)	(0.99993896484375, 0.0107421875, 0.00030517578125, 0.0)	(0.0, 0.0, -0.34)	(0.0, 0.21, 9.8)	(0,	3,	0,	0)	(1700352230.815437)	(
(26)	(0.0, 0.18, 9.47)	(-32.25, -86.6875, 41.5)	(0.0, -0.002181661564992912, 0.0)	(360.0, 0.0, -1.1875)	(0.99993896484375, 0.0107421875, 0.00030517578125, 0.0)	(0.0, -0.01, -0.33)	(0.0, 0.21, 9.8)	(0,	3,	0,	0)	(1700352230.8672855)	(
(26)	(0.0, 0.19, 9.450000000000001)	(-30.75, -86.25, 41.875)	(0.002181661564992912, 0.002181661564992912, 0.002181661564992912)	(360.0, 0.0, -1.1875)	(0.99993896484375, 0.0107421875, 0.00030517578125, 0.0)	(0.0, 0.0, -0.34)	(0.0, 0.21, 9.8)	(0,	3,	0,	0)	(1700352230.9233284)	(
(26)	(0.0, 0.2, 9.450000000000001)	(-31.5, -87.0625, 41.5)	(0.001090830782496456, -0.001090830782496456, -0.001090830782496456)	(360.0, 0.0, -1.1875)	(0.99993896484375, 0.0107421875, 0.00030517578125, 0.0)	(0.0, 0.01, -0.36)	(0.0, 0.21, 9.8)	(0,	3,	0,	0)	(1700352230.9769125)	(
(26)	(-0.01, 0.21, 9.450000000000001)	(-31.5, -87.0625, 41.5)	(0.001090830782496456, -0.004363323129985824, 0.0)	(360.0, 0.0, -1.1875)	(0.99993896484375, 0.0107421875, 0.00030517578125, 0.0)	(0.01, -0.01, -0.37)	(0.0, 0.21, 9.8)	(0,	3,	0,	0)	(1700352231.0282362)	(
(26)	(0.0, 0.19, 9.47)	(-30.75, -86.6875, 41.875)	(0.003272492347489368, 0.003272492347489368, 0.0)	(360.0, 0.0, -1.1875)	(0.99993896484375, 0.0107421875, 0.00030517578125, 0.0)	(0.0, -0.01, -0.36)	(0.0, 0.21, 9.8)	(0,	3,	0,	0)	(1700352231.0825772)	(
(26)	(0.0, 0.2, 9.450000000000001)	(-31.875, -86.25, 41.0625)	(-0.001090830782496456, 0.002181661564992912, 0.0)	(360.0, 0.0, -1.1875)	(0.99993896484375, 0.0107421875, 0.00030517578125, 0.0)	(0.0, 0.0, -0.33)	(0.0, 0.21, 9.8)	(0,	3,	0,	0)	(1700352231.1378145)	(
(26)	(0.0, 0.21, 9.44)	(-31.875, -87.0625, 41.5)	(-0.001090830782496456, 0.003272492347489368, 0.0)	(360.0, 0.0, -1.1875)	(0.99993896484375, 0.0107421875, 0.00030517578125, 0.0)	(0.01, 0.0, -0.34)	(0.0, 0.21, 9.8)	(0,	3,	0,	0)	(1700352231.1954565)	(
(26)	(-0.02, 0.18, 9.46)	(-31.875, -87.0625, 41.875)	(-0.001090830782496456, -0.002181661564992912, 0.001090830782496456)	(360.0, 0.0, -1.1875)	(0.99993896484375, 0.0107421875, 0.00030517578125, 0.0)	(0.0, -0.02, -0.34)	(0.0, 0.21, 9.8)	(0,	3,	0,	0)	(1700352231.24999)	(
(26)	(0.0, 0.21, 9.42)	(-31.875, -87.0625, 41.0625)	(-0.001090830782496456, 0.001090830782496456, 0.001090830782496456)	(360.0, 0.0, -1.1875)	(0.99993896484375, 0.0107421875, 0.00030517578125, 0.0)	(0.0, 0.0, -0.32)	(0.0, 0.21, 9.8)	(0,	3,	0,	0)	(1700352231.308956)	(
(26)	(0.02, 0.2, 9.450000000000001)	(-31.5, -87.0625, 42.25)	(0.0, 0.0, 0.002181661564992912)	(360.0, 0.0, -1.1875)	(0.99993896484375, 0.0107421875, 0.00030517578125, 0.0)	(-0.01, -0.01, -0.35000000000000003)	(0.0, 0.21, 9.8)	(0,	3,	0,	0)	(1700352231.3661432)	(
(26)	(0.0, 0.19, 9.43)	(-31.0625, -87.0625, 42.25)	(0.001090830782496456, 0.0, -0.002181661564992912)	(360.0, 0.0, -1.1875)	(0.99993896484375, 0.0107421875, 0.00030517578125, 0.0)	(0.0, -0.01, -0.37)	(0.0, 0.21, 9.8)	(0,	3,	0,	0)	(1700352231.4293373)	(
(26)	(0.0, 0.22, 9.44)	(-31.5, -87.0625, 42.25)	(0.001090830782496456, -0.002181661564992912, 0.001090830782496456)	(360.0, 0.0, -1.1875)	(0.99993896484375, 0.0107421875, 0.00030517578125, 0.0)	(0.02, -0.02, -0.37)	(0.0, 0.21, 9.8)	(0,	3,	0,	0)	(1700352231.487335)	(
(26)	(0.0, 0.21, 9.42)	(-31.875, -85.875, 41.5)	(0.0, 0.001090830782496456, 0.002181661564992912)	(360.0, 0.0, -1.1875)	(0.99993896484375, 0.0107421875, 0.00030517578125, 0.0)	(0.01, -0.01, -0.33)	(0.0, 0.21, 9.8)	(0,	3,	0,	0)	(1700352231.5446963)	(
(26)	(0.0, 0.19, 9.450000000000001)	(-31.5, -86.25, 41.0625)	(0.0, -0.001090830782496456, 0.0)	(360.0, 0.0, -1.1875)	(0.99993896484375, 0.0107421875, 0.00030517578125, 0.0)	(0.0, -0.01, -0.38)	(0.0, 0.21, 9.8)	(2,	3,	0,	0)	(1700352231.6018302)	(
(26)	(0.0, 0.2, 9.43)	(-30.75, -86.6875, 41.5)	(-0.002181661564992912, 0.0, -0.002181661564992912)	(360.0, 0.0, -1.1875)	(0.99993896484375, 0.0107421875, 0.00030517578125, 0.0)	(0.0, 0.01, -0.34)	(0.0, 0.21, 9.8)	(0,	3,	0,	0)	(1700352231.6654956)	(
(26)	(0.0, 0.2, 9.43)	(-31.875, -86.6875, 41.5)	(-0.002181661564992912, -0.001090830782496456, 0.001090830782496456)	(360.0, 0.0, -1.1875)	(0.99993896484375, 0.0107421875, 0.00030517578125, 0.0)	(0.01, 0.02, -0.34)	(0.0, 0.21, 9.8)	(2,	3,	0,	0)	(1700352231.7212212)	(
(26)	(0.0, 0.2, 9.47)	(-30.75, -86.25, 41.0625)	(-0.001090830782496456, 0.003272492347489368, -0.001090830782496456)	(360.0, 0.0, -1.1875)	(0.99993896484375, 0.0107421875, 0.00030517578125, 0.0)	(0.01, -0.02, -0.34)	(0.0, 0.21, 9.8)	(0,	3,	0,	0)	(1700352231.7816064)	(
(26)	(0.0, 0.2, 9.46)	(-32.25, -87.375, 41.0625)	(0.0, 0.001090830782496456, -0.003272492347489368)	(360.0, 0.0, -1.1875)	(0.99993896484375, 0.0107421875, 0.00030517578125, 0.0)	(0.02, 0.0, -0.36)	(0.0, 0.21, 9.8)	(0,	3,	0,	0)	(1700352231.8365574)	(
(26)	(0.0, 0.2, 9.450000000000001)	(-31.0625, -86.6875, 41.875)	(-0.001090830782496456, 0.0, 0.001090830782496456)	(360.0, 0.0, -1.1875)	(0.99993896484375, 0.0107421875, 0.00030517578125, 0.0)	(0.01, 0.0, -0.39)	(0.0, 0.21, 9.8)	(0,	3,	0,	0)	(1700352231.8906598)	(
(26)	(-0.01, 0.18, 9.44)	(-31.0625, -87.0625, 41.0625)	(0.0, -0.003272492347489368, 0.0)	(360.0, 0.0, -1.1875)	(0.99993896484375, 0.0107421875, 0.00030517578125, 0.0)	(0.0, 0.01, -0.36)	(0.0, 0.21, 9.8)	(0,	3,	0,	0)	(1700352231.9494448)	(
(26)	(1.28, 0.2, 9.44)	(-31.0625, -87.0625, 41.5)	(0.0, 0.003272492347489368, -0.001090830782496456)	(360.0, 0.0, -1.1875)	(0.99993896484375, 0.0107421875, 0.00030517578125, 0.0)	(0.0, -0.02, -0.33)	(0.0, 0.21, 9.8)	(0,	3,	0,	0)	(1700352232.0073833)	(
(26)	(0.0, 0.18, 9.450000000000001)	(-30.75, -86.6875, 40.75)	(0.001090830782496456, -0.002181661564992912, -0.002181661564992912)	(360.0, 0.0, -1.1875)	(0.99993896484375, 0.0107421875, 0.00030517578125, 0.0)	(0.0, -0.02, -0.34)	(0.0, 0.21, 9.8)	(0,	3,	0,	0)	(1700352232.0630155)	(
(26)	(0.0, 0.19, 9.42)	(-31.0625, -87.0625, 41.875)	(0.001090830782496456, -0.001090830782496456, -0.001090830782496456)	(360.0, 0.0, -1.1875)	(0.99993896484375, 0.0107421875, 0.00030517578125, 0.0)	(-0.01, 0.0, -0.33)	(0.0, 0.21, 9.8)	(0,	3,	0,	0)	(1700352232.1194868)	(
(26)	(0.0, 0.19, 9.47)	(-30.75, -86.25, 41.0625)	(-0.001090830782496456, 0.0, 0.0)	(360.0, 0.0, -1.1875)	(0.99993896484375, 0.0107421875, 0.00030517578125, 0.0)	(0.01, 0.0, -0.34)	(0.0, 0.21, 9.8)	(0,	3,	0,	0)	(1700352232.1745794)	(
(26)	(0.0, 0.2, 9.450000000000001)	(-31.5, -87.0625, 41.5)	(0.001090830782496456, -0.002181661564992912, 0.001090830782496456)	(360.0, 0.0, -1.1875)	(0.99993896484375, 0.0107421875, 0.00030517578125, 0.0)	(0.0, 0.0, -0.36)	(0.0, 0.21, 9.8)	(0,	3,	0,	0)	(1700352232.2327344)	(
(26)	(0.0, 0.18, 9.44)	(-31.875, -86.6875, 41.5)	(-0.001090830782496456, 0.002181661564992912, 0.002181661564992912)	(360.0, 0.0, -1.1875)	(0.99993896484375, 0.0107421875, 0.00030517578125, 0.0)	(0.0, -0.01, -0.37)	(0.0, 0.21, 9.8)	(0,	3,	0,	0)	(1700352232.283569)	(
(26)	(-0.01, 0.22, 9.43)	(-31.875, -86.25, 42.25)	(0.0, -0.002181661564992912, 0.002181661564992912)	(360.0, 0.0, -1.1875)	(0.99993896484375, 0.0107421875, 0.00030517578125, 0.0)	(0.01, 0.0, -0.34)	(0.0, 0.21, 9.8)	(0,	3,	0,	0)	(1700352232.3481505)	(
(26)	(0.0, 0.19, 9.44)	(-30.375, -86.6875, 41.5)	(-0.002181661564992912, 0.002181661564992912, 0.001090830782496456)	(360.0, 0.0, -1.1875)	(0.99993896484375, 0.0107421875, 0.00030517578125, 0.0)	(0.01, -0.01, -0.32)	(0.0, 0.21, 9.8)	(0,	3,	0,	0)	(1700352232.4040368)	(
(26)	(0.0, 0.2, 9.41)	(-31.5, -86.6875, 41.0625)	(0.0, -0.001090830782496456, 0.002181661564992912)	(360.0, 0.0, -1.1875)	(0.99993896484375, 0.0107421875, 0.00030517578125, 0.0)	(0.0, 0.0, -0.33)	(0.0, 0.21, 9.8)	(0,	3,	0,	0)	(1700352232.4631207)	(
(27)	(0.0, 0.23, 9.46)	(-31.0625, -87.0625, 40.75)	(-0.001090830782496456, 0.002181661564992912, 0.002181661564992912)	(360.0, 0.0, -1.1875)	(0.99993896484375, 0.0107421875, 0.00030517578125, 0.0)	(0.0, -0.01, -0.31)	(0.0, 0.21, 9.8)	(0,	3,	0,	0)	(1700352232.5276043)	(
(27)	(0.0, 0.2, 9.450000000000001)	(-31.0625, -87.0625, 42.25)	(-0.002181661564992912, 0.001090830782496456, 0.001090830782496456)	(360.0, 0.0, -1.1875)	(0.99993896484375, 0.0107421875, 0.00030517578125, 0.0)	(-0.03, 0.0, -0.36)	(0.0, 0.21, 9.8)	(0,	3,	0,	0)	(1700352232.5881312)	(
(27)	(0.0, 0.2, 9.47)	(-32.5625, -86.6875, 41.0625)	(0.0, -0.001090830782496456, -0.002181661564992912)	(360.0, 0.0, -1.1875)	(0.99993896484375, 0.0107421875, 0.00030517578125, 0.0)	(0.0, -0.01, -0.34)	(0.0, 0.21, 9.8)	(0,	3,	0,	0)	(1700352232.644228)	(
(27)	(0.0, 0.18, 9.44)	(-31.875, -86.6875, 41.0625)	(0.0, -0.003272492347489368, 0.001090830782496456)	(360.0, 0.0, -1.1875)	(0.99993896484375, 0.0107421875, 0.00030517578125, 0.0)	(0.0, -0.01, -0.34)	(0.0, 0.21, 9.8)	(0,	3,	0,	0)	(1700352232.7086704)	(
(27)	(-0.01, 0.19, 9.46)	(-31.0625, -86.6875, 41.0625)	(0.001090830782496456, 0.001090830782496456, 0.0)	(360.0, 0.0, -1.1875)	(0.99993896484375, 0.0107421875, 0.00030517578125, 0.0)	(0.0, 0.02, -0.34)	(0.0, 0.21, 9.8)	(0,	3,	0,	0)	(1700352232.773501)	(
(27)	(-0.01, 0.2, 9.44)	(-31.875, -87.375, 41.875)	(0.0, 0.001090830782496456, 0.001090830782496456)	(360.0, 0.0, -1.1875)	(0.99993896484375, 0.0107421875, 0.00030517578125, 0.0)	(-0.01, -0.01, -0.33)	(0.0, 0.21, 9.8)	(0,	3,	0,	0)	(1700352232.824751)	(
(27)	(0.0, 0.18, 9.450000000000001)	(-31.875, -87.375, 41.875)	(-0.002181661564992912, 0.001090830782496456, -0.001090830782496456)	(360.0, 0.0, -1.1875)	(0.99993896484375, 0.0107421875, 0.00030517578125, 0.0)	(0.0, -0.01, -0.34)	(0.0, 0.21, 9.8)	(2,	3,	0,	0)	(1700352232.855099)	(
(27)	(0.0, 0.2, 9.47)	(-31.875, -86.6875, 42.6875)	(-0.001090830782496456, 0.0, 0.003272492347489368)	(360.0, 0.0, -1.1875)	(0.99993896484375, 0.0107421875, 0.00030517578125, 0.0)	(0.0, 0.0, -0.33)	(0.0, 0.21, 9.8)	(2,	3,	0,	0)	(1700352232.8854866)	(
(27)	(-0.01, 0.18, 9.47)	(-31.875, -86.6875, 41.5)	(0.0, 0.0, 0.002181661564992912)	(360.0, 0.0, -1.1875)	(0.99993896484375, 0.0107421875, 0.00030517578125, 0.0)	(0.0, -0.01, -0.33)	(0.0, 0.21, 9.8)	(2,	3,	0,	0)	(1700352232.9204671)	(
(27)	(0.0, 0.22, 9.450000000000001)	(-31.875, -86.6875, 41.5)	(0.0, -0.001090830782496456, 0.001090830782496456)	(360.0, 0.0, -1.1875)	(0.99993896484375, 0.0107421875, 0.00030517578125, 0.0)	(0.01, 0.0, -0.36)	(0.0, 0.21, 9.8)	(0,	3,	0,	0)	(1700352232.985721)	(
(27)	(0.0, 0.19, 9.48)	(-31.0625, -87.0625, 41.5)	(-0.001090830782496456, 0.0, 0.001090830782496456)	(360.0, 0.0, -1.1875)	(0.99993896484375, 0.0107421875, 0.00030517578125, 0.0)	(-0.03, -0.01, -0.33)	(0.0, 0.21, 9.8)	(0,	3,	0,	0)	(1700352233.0588813)	(
(27)	(0.0, 0.21, 9.450000000000001)	(-31.875, -87.0625, 41.875)	(0.002181661564992912, -0.001090830782496456, 0.002181661564992912)	(360.0, 0.0, -1.1875)	(0.99993896484375, 0.0107421875, 0.00030517578125, 0.0)	(0.0, 0.0, -0.34)	(0.0, 0.21, 9.8)	(0,	3,	0,	0)	(1700352233.117046)	(
(27)	(0.0, 0.22, 9.44)	(-30.375, -87.375, 41.5)	(0.0, 0.0, 0.001090830782496456)	(360.0, 0.0, -1.1875)	(0.99993896484375, 0.0107421875, 0.00030517578125, 0.0)	(0.0, -0.01, -0.35000000000000003)	(0.0, 0.21, 9.8)	(0,	3,	0,	0)	(1700352233.1720314)	(
(27)	(0.0, 0.21, 9.450000000000001)	(-31.5, -87.0625, 41.0625)	(-0.002181661564992912, 0.002181661564992912, 0.001090830782496456)	(360.0, 0.0, -1.1875)	(0.99993896484375, 0.0107421875, 0.00030517578125, 0.0)	(0.0, -0.02, -0.33)	(0.0, 0.21, 9.8)	(0,	3,	0,	0)	(1700352233.2323837)	(
(27)	(0.0, 0.22, 9.46)	(-31.875, -87.0625, 41.5)	(0.002181661564992912, 0.0, 0.001090830782496456)	(360.0, 0.0, -1.1875)	(0.99993896484375, 0.0107421875, 0.00030517578125, 0.0)	(0.01, 0.0, -0.35000000000000003)	(0.0, 0.21, 9.8)	(0,	3,	0,	0)	(1700352233.3060796)	(
(27)	(0.0, 0.17, 9.41)	(-31.875, -86.25, 42.25)	(0.001090830782496456, -0.00545415391248228, 0.0)	(360.0, 0.0, -1.1875)	(0.99993896484375, 0.0107421875, 0.00030517578125, 0.0)	(0.01, -0.01, -0.35000000000000003)	(0.0, 0.21, 9.8)	(0,	3,	0,	0)	(1700352233.3635166)	(
(27)	(0.0, 0.2, 9.450000000000001)	(-31.5, -85.875, 41.875)	(0.0, 0.001090830782496456, -0.002181661564992912)	(360.0, 0.0, -1.1875)	(0.99993896484375, 0.0107421875, 0.00030517578125, 0.0)	(0.01, 0.0, -0.36)	(0.0, 0.21, 9.8)	(0,	3,	0,	0)	(1700352233.4293282)	(
(27)	(0.0, 0.19, 9.46)	(-32.875, -87.0625, 41.5625)	(0.0, 0.003272492347489368, 0.0)	(360.0, 0.0, -1.1875)	(0.99993896484375, 0.0107421875, 0.00030517578125, 0.0)	(0.0, -0.01, -0.38)	(0.0, 0.21, 9.8)	(0,	3,	0,	0)	(1700352233.489399)	(
(27)	(0.0, 0.19, 9.450000000000001)	(-31.0625, -87.0625, 41.5)	(-0.001090830782496456, 0.002181661564992912, 0.002181661564992912)	(360.0, 0.0, -1.1875)	(0.99993896484375, 0.0107421875, 0.00030517578125, 0.0)	(0.0, 0.0, -0.32)	(0.0, 0.21, 9.8)	(0,	3,	0,	0)	(1700352233.5555062)	(
(27)	(0.0, 0.21, 9.450000000000001)	(-31.0625, -87.0625, 41.875)	(0.001090830782496456, 0.001090830782496456, 0.0)	(360.0, 0.0, -1.1875)	(0.99993896484375, 0.0107421875, 0.00030517578125, 0.0)	(0.0, 0.0, -0.32)	(0.0, 0.21, 9.8)	(0,	3,	0,	0)	(1700352233.6178987)	(
(27)	(0.02, 0.21, 9.43)	(-31.5, -86.25, 40.75)	(0.0, 0.0, -0.001090830782496456)	(360.0, 0.0, -1.1875)	(0.99993896484375, 0.0107421875, 0.00030517578125, 0.0)	(-0.01, -0.01, -0.34)	(0.0, 0.21, 9.8)	(0,	3,	0,	0)	(1700352233.6897056)	(
(27)	(0.0, 0.17, 9.47)	(-31.0625, -86.25, 41.875)	(0.0, -0.003272492347489368, 0.0)	(360.0, 0.0, -1.1875)	(0.99993896484375, 0.0107421875, 0.00030517578125, 0.0)	(0.01, 0.0, -0.37)	(0.0, 0.21, 9.8)	(0,	3,	0,	0)	(1700352233.7490942)	(
(27)	(-0.01, 0.2, 9.450000000000001)	(-32.25, -86.25, 40.375)	(0.001090830782496456, -0.002181661564992912, 0.001090830782496456)	(360.0, 0.0, -1.1875)	(0.99993896484375, 0.0107421875, 0.00030517578125, 0.0)	(0.02, -0.01, -0.34)	(0.0, 0.21, 9.8)	(0,	3,	0,	0)	(1700352233.8076973)	(
(27)	(0.0, 0.2, 9.44)	(-32.25, -87.375, 41.0625)	(0.001090830782496456, 0.001090830782496456, 0.001090830782496456)	(360.0, 0.0, -1.1875)	(0.99993896484375, 0.0107421875, 0.00030517578125, 0.0)	(0.0, -0.02, -0.36)	(0.0, 0.21, 9.8)	(0,	3,	0,	0)	(1700352233.8630614)	(
(27)	(0.0, 0.22, 9.41)	(-31.0625, -87.0625, 41.5625)	(0.0, -0.001090830782496456, 0.0)	(360.0, 0.0, -1.1875)	(0.99993896484375, 0.0107421875, 0.00030517578125, 0.0)	(-0.01, 0.0, -0.33)	(0.0, 0.21, 9.8)	(0,	3,	0,	0)	(1700352233.9174206)	(
(27)	(0.0, 0.21, 9.47)	(-31.5, -86.6875, 42.25)	(0.0, -0.001090830782496456, -0.001090830782496456)	(360.0, 0.0, -1.1875)	(0.99993896484375, 0.0107421875, 0.00030517578125, 0.0)	(0.01, 0.0, -0.36)	(0.0, 0.21, 9.8)	(0,	3,	0,	0)	(1700352233.977376)	(
(27)	(0.0, 0.19, 9.450000000000001)	(-31.0625, -85.875, 41.5625)	(-0.002181661564992912, 0.002181661564992912, 0.001090830782496456)	(360.0, 0.0, -1.1875)	(0.99993896484375, 0.0107421875, 0.00030517578125, 0.0)	(-0.01, 0.0, -0.36)	(0.0, 0.21, 9.8)	(0,	3,	0,	0)	(1700352234.035992)	(
(27)	(0.0, 0.22, 9.450000000000001)	(-31.875, -86.25, 41.0625)	(0.0, 0.0, -0.001090830782496456)	(360.0, 0.0, -1.1875)	(0.99993896484375, 0.0107421875, 0.00030517578125, 0.0)	(-0.01, -0.02, -0.37)	(0.0, 0.21, 9.8)	(0,	3,	0,	0)	(1700352234.0911324)	(
(27)	(0.0, 0.19, 9.43)	(-32.25, -86.6875, 41.0625)	(-0.001090830782496456, 0.001090830782496456, 0.001090830782496456)	(360.0, 0.0, -1.1875)	(0.99993896484375, 0.0107421875, 0.00030517578125, 0.0)	(0.0, 0.0, -0.36)	(0.0, 0.21, 9.8)	(0,	3,	0,	0)	(1700352234.1531348)	(
(27)	(0.0, 0.18, 9.450000000000001)	(-30.75, -87.0625, 41.0625)	(-0.001090830782496456, 0.002181661564992912, 0.0)	(360.0, 0.0, -1.1875)	(0.99993896484375, 0.0107421875, 0.00030517578125, 0.0)	(0.01, 0.0, -0.31)	(0.0, 0.21, 9.8)	(0,	3,	0,	0)	(1700352234.2118003)	(
(27)	(-0.01, 0.19, 9.47)	(-31.0625, -86.6875, 41.5)	(0.0, 0.004363323129985824, -0.001090830782496456)	(360.0, 0.0, -1.1875)	(0.99993896484375, 0.0107421875, 0.00030517578125, 0.0)	(0.01, -0.02, -0.33)	(0.0, 0.21, 9.8)	(0,	3,	0,	0)	(1700352234.267317)	(
(27)	(0.0, 0.2, 9.44)	(-31.875, -87.0625, 41.875)	(-0.002181661564992912, 0.001090830782496456, -0.001090830782496456)	(360.0, 0.0, -1.1875)	(0.99993896484375, 0.0107421875, 0.00030517578125, 0.0)	(0.01, -0.01, -0.33)	(0.0, 0.21, 9.8)	(0,	3,	0,	0)	(1700352234.323676)	(
(27)	(0.0, 0.19, 9.450000000000001)	(-31.5, -86.25, 41.875)	(0.0, 0.0, -0.001090830782496456)	(360.0, 0.0, -1.1875)	(0.99993896484375, 0.0107421875, 0.00030517578125, 0.0)	(0.0, 0.0, -0.33)	(0.0, 0.21, 9.8)	(0,	3,	0,	0)	(1700352234.3852375)	(
(27)	(0.01, 0.22, 9.46)	(-31.0625, -87.375, 41.0625)	(0.002181661564992912, -0.001090830782496456, 0.0)	(360.0, 0.0, -1.1875)	(0.99993896484375, 0.0107421875, 0.00030517578125, 0.0)	(0.0, -0.01, -0.36)	(0.0, 0.21, 9.8)	(0,	3,	0,	0)	(1700352234.4428117)	(
(27)	(-0.01, 0.19, 9.44)	(-31.5, -85.875, 41.5)	(0.0, 0.002181661564992912, 0.0)	(360.0, 0.0, -1.1875)	(0.99993896484375, 0.0107421875, 0.00030517578125, 0.0)	(0.0, -0.01, -0.33)	(0.0, 0.21, 9.8)	(0,	3,	0,	0)	(1700352234.5047967)	(
(27)	(0.0, 0.23, 9.450000000000001)	(-31.0625, -87.0625, 42.6875)	(0.0, 0.00545415391248228, 0.0)	(360.0, 0.0, -1.1875)	(0.99993896484375, 0.0107421875, 0.00030517578125, 0.0)	(-0.01, -0.01, -0.35000000000000003)	(0.0, 0.21, 9.8)	(0,	3,	0,	0)	(1700352234.5587475)	(
(27)	(0.0, 0.19, 9.46)	(-31.0625, -86.6875, 41.0625)	(0.0, 0.0, 0.0)	(360.0, 0.0, -1.1875)	(0.99993896484375, 0.0107421875, 0.00030517578125, 0.0)	(0.0, -0.01, -0.34)	(0.0, 0.21, 9.8)	(0,	3,	0,	0)	(1700352234.6119094)	(
(27)	(0.0, 0.18, 9.43)	(-30.375, -86.6875, 40.75)	(0.002181661564992912, 0.002181661564992912, -0.002181661564992912)	(360.0, 0.0, -1.1875)	(0.99993896484375, 0.0107421875, 0.00030517578125, 0.0)	(0.0, -0.01, -0.34)	(0.0, 0.21, 9.8)	(0,	3,	0,	0)	(1700352234.663812)	(
(27)	(0.0, 0.21, 9.42)	(-30.75, -87.0625, 41.5)	(0.0, 0.0, 0.002181661564992912)	(360.0, 0.0, -1.1875)	(0.99993896484375, 0.0107421875, 0.00030517578125, 0.0)	(-0.02, -0.02, -0.36)	(0.0, 0.21, 9.8)	(0,	3,	0,	0)	(1700352234.7139056)	(
(27)	(0.0, 0.2, 9.43)	(-31.0625, -87.375, 41.875)	(-0.002181661564992912, 0.0, 0.0)	(360.0, 0.0, -1.1875)	(0.99993896484375, 0.0107421875, 0.00030517578125, 0.0)	(0.01, 0.0, -0.34)	(0.0, 0.21, 9.8)	(0,	3,	0,	0)	(1700352234.7698293)	(
(27)	(0.0, 0.22, 9.450000000000001)	(-31.0625, -86.25, 41.0625)	(0.001090830782496456, 0.0, 0.0)	(360.0, 0.0, -1.1875)	(0.99993896484375, 0.0107421875, 0.00030517578125, 0.0)	(0.01, 0.0, -0.36)	(0.0, 0.21, 9.8)	(0,	3,	0,	0)	(1700352234.8349752)	(
(27)	(-0.02, 0.19, 9.42)	(-31.875, -87.0625, 41.0625)	(0.0, 0.0, 0.002181661564992912)	(360.0, 0.0, -1.1875)	(0.99993896484375, 0.0107421875, 0.00030517578125, 0.0)	(-0.02, 0.0, -0.4)	(0.0, 0.21, 9.8)	(0,	3,	0,	0)	(1700352234.890176)	(
(27)	(0.0, 0.19, 9.44)	(-31.875, -87.0625, 40.75)	(0.002181661564992912, -0.002181661564992912, -0.002181661564992912)	(360.0, 0.0, -1.1875)	(0.99993896484375, 0.0107421875, 0.00030517578125, 0.0)	(-0.01, -0.01, -0.36)	(0.0, 0.21, 9.8)	(0,	3,	0,	0)	(1700352234.9431126)	(
(27)	(0.0, 0.2, 9.450000000000001)	(-31.0625, -87.375, 42.25)	(0.0, 0.0, -0.002181661564992912)	(360.0, 0.0, -1.1875)	(0.99993896484375, 0.0107421875, 0.00030517578125, 0.0)	(0.02, 0.0, -0.35000000000000003)	(0.0, 0.21, 9.8)	(0,	3,	0,	0)	(1700352234.9965048)	(
(27)	(0.0, 0.19, 9.43)	(-31.875, -87.375, 41.875)	(-0.001090830782496456, 0.0, 0.001090830782496456)	(360.0, 0.0, -1.1875)	(0.99993896484375, 0.0107421875, 0.00030517578125, 0.0)	(0.02, 0.0, -0.34)	(0.0, 0.21, 9.8)	(0,	3,	0,	0)	(1700352235.0472457)	(
(27)	(0.0, 0.2, 9.450000000000001)	(-30.75, -86.6875, 40.75)	(0.003272492347489368, -0.003272492347489368, -0.001090830782496456)	(360.0, 0.0, -1.1875)	(0.99993896484375, 0.0107421875, 0.00030517578125, 0.0)	(0.0, 0.0, -0.38)	(1.28, 0.21, 9.8)	(0,	3,	0,	0)	(1700352235.1037898)	(
(27)	(-0.01, 0.19, 9.44)	(-31.5, -87.0625, 40.375)	(-0.002181661564992912, 0.002181661564992912, 0.001090830782496456)	(360.0, 0.0, -1.1875)	(0.99993896484375, 0.0107421875, 0.00030517578125, 0.0)	(0.0, 0.0, -0.37)	(0.0, 0.21, 9.8)	(0,	3,	0,	0)	(1700352235.1575077)	(
(27)	(-0.01, 0.2, 9.43)	(-31.875, -86.25, 42.25)	(0.0, 0.004363323129985824, 0.001090830782496456)	(360.0, 0.0, -1.1875)	(0.99993896484375, 0.0107421875, 0.00030517578125, 0.0)	(0.0, -0.01, -0.36)	(0.0, 0.21, 9.8)	(0,	3,	0,	0)	(1700352235.2082045)	(
(27)	(0.0, 0.21, 9.48)	(-31.5, -86.25, 40.75)	(0.002181661564992912, 0.001090830782496456, -0.002181661564992912)	(360.0, 0.0, -1.1875)	(0.99993896484375, 0.0107421875, 0.00030517578125, 0.0)	(0.01, -0.01, -0.35000000000000003)	(0.0, 0.21, 9.8)	(0,	3,	0,	0)	(1700352235.2605422)	(
(27)	(0.0, 0.21, 9.44)	(-30.75, -87.75, 41.875)	(0.0, 0.001090830782496456, 0.001090830782496456)	(360.0, 0.0, -1.1875)	(0.99993896484375, 0.0107421875, 0.00030517578125, 0.0)	(0.0, 0.0, -0.36)	(0.0, 0.21, 9.8)	(0,	3,	0,	0)	(1700352235.3107727)	(
(27)	(0.0, 0.17, 9.46)	(-31.875, -87.0625, 40.75)	(0.0, -0.002181661564992912, -0.001090830782496456)	(360.0, 0.0, -1.1875)	(0.99993896484375, 0.0107421875, 0.00030517578125, 0.0)	(0.0, -0.01, -0.33)	(0.0, 0.21, 9.8)	(0,	3,	0,	0)	(1700352235.3613706)	(
(27)	(0.0, 0.2, 9.450000000000001)	(-30.75, -87.0625, 41.5)	(0.001090830782496456, -0.003272492347489368, 0.0)	(360.0, 0.0, -1.1875)	(0.99993896484375, 0.0107421875, 0.00030517578125, 0.0)	(-0.01, -0.02, -0.36)	(0.0, 0.21, 9.8)	(0,	3,	0,	0)	(1700352235.412675)	(
(27)	(0.0, 0.18, 9.46)	(-31.5, -87.375, 41.5)	(0.002181661564992912, 0.001090830782496456, 0.001090830782496456)	(360.0, 0.0, -1.1875)	(0.99993896484375, 0.0107421875, 0.00030517578125, 0.0)	(-0.01, 0.0, -0.36)	(0.0, 0.21, 9.8)	(0,	3,	0,	0)	(1700352235.4637122)	(
(27)	(0.0, 0.2, 9.44)	(-32.25, -86.25, 41.875)	(0.001090830782496456, -0.002181661564992912, 0.0)	(360.0, 0.0, -1.1875)	(0.99993896484375, 0.0107421875, 0.00030517578125, 0.0)	(0.0, -0.01, -0.34)	(0.0, 0.21, 9.8)	(0,	3,	0,	0)	(1700352235.5168135)	(
(27)	(0.0, 0.21, 9.43)	(-32.25, -86.25, 41.875)	(-0.001090830782496456, -0.001090830782496456, 0.001090830782496456)	(360.0, 0.0, -1.1875)	(0.99993896484375, 0.0107421875, 0.00030517578125, 0.0)	(0.01, 0.0, -0.36)	(0.0, 0.21, 9.8)	(0,	3,	0,	0)	(1700352235.5685008)	(
(27)	(0.0, 0.21, 9.44)	(-31.0625, -86.6875, 41.875)	(0.001090830782496456, -0.001090830782496456, -0.002181661564992912)	(360.0, 0.0, -1.1875)	(0.99993896484375, 0.0107421875, 0.00030517578125, 0.0)	(0.0, 0.0, -0.35000000000000003)	(0.0, 0.21, 9.8)	(0,	3,	0,	0)	(1700352235.6193264)	(
(27)	(0.0, 0.17, 9.46)	(-30.75, -87.0625, 41.5625)	(0.001090830782496456, -0.002181661564992912, 0.0)	(360.0, 0.0, -1.1875)	(0.99993896484375, 0.0107421875, 0.00030517578125, 0.0)	(0.0, -0.01, -0.34)	(0.0, 0.21, 9.8)	(0,	3,	0,	0)	(1700352235.671043)	(
(27)	(0.0, 0.18, 9.44)	(-31.0625, -86.6875, 41.875)	(-0.001090830782496456, 0.00545415391248228, 0.0)	(360.0, 0.0, -1.1875)	(0.99993896484375, 0.0107421875, 0.00030517578125, 0.0)	(0.01, 0.0, -0.33)	(0.0, 0.21, 9.8)	(0,	3,	0,	0)	(1700352235.7259228)	(
(27)	(0.01, 0.21, 9.4)	(-31.875, -86.6875, 40.375)	(-0.002181661564992912, 0.004363323129985824, 0.0)	(360.0, 0.0, -1.1875)	(0.99993896484375, 0.0107421875, 0.00030517578125, 0.0)	(0.0, -0.02, -0.33)	(0.0, 0.21, 9.8)	(0,	3,	0,	0)	(1700352235.7801068)	(
(27)	(-0.03, 0.2, 9.44)	(-30.0625, -86.25, 41.0625)	(0.001090830782496456, -0.002181661564992912, 0.0)	(360.0, 0.0, -1.1875)	(0.99993896484375, 0.0107421875, 0.00030517578125, 0.0)	(0.0, 0.0, -0.36)	(0.0, 0.21, 9.8)	(0,	3,	0,	0)	(1700352235.8376694)	(
(27)	(-0.01, 0.22, 9.44)	(-31.0625, -86.25, 41.0625)	(-0.001090830782496456, 0.004363323129985824, 0.001090830782496456)	(360.0, 0.0, -1.1875)	(0.99993896484375, 0.0107421875, 0.00030517578125, 0.0)	(-0.02, 0.0, -0.34)	(0.0, 0.21, 9.8)	(0,	3,	0,	0)	(1700352235.8989978)	(
(27)	(0.0, 0.18, 9.450000000000001)	(-31.5, -87.375, 41.0625)	(0.0, 0.001090830782496456, -0.001090830782496456)	(360.0, 0.0, -1.1875)	(0.99993896484375, 0.0107421875, 0.00030517578125, 0.0)	(0.01, 0.0, -0.35000000000000003)	(0.0, 0.21, 9.8)	(0,	3,	0,	0)	(1700352235.9560814)	(
(27)	(0.01, 0.2, 9.46)	(-31.875, -87.0625, 41.0625)	(0.001090830782496456, -0.002181661564992912, 0.0)	(360.0, 0.0, -1.1875)	(0.99993896484375, 0.0107421875, 0.00030517578125, 0.0)	(0.0, -0.03, -0.35000000000000003)	(0.0, 0.21, 9.8)	(0,	3,	0,	0)	(1700352236.006515)	(
(27)	(-0.02, 0.2, 9.46)	(-31.0625, -86.6875, 41.0625)	(0.001090830782496456, -0.002181661564992912, 0.001090830782496456)	(360.0, 0.0, -1.1875)	(0.99993896484375, 0.0107421875, 0.00030517578125, 0.0)	(0.0, 0.0, -0.35000000000000003)	(0.0, 0.21, 9.8)	(0,	3,	0,	0)	(1700352236.0377755)	(
(27)	(0.0, 0.19, 9.43)	(-31.0625, -86.6875, 41.0625)	(-0.001090830782496456, 0.002181661564992912, -0.001090830782496456)	(360.0, 0.0, -1.1875)	(0.99993896484375, 0.0107421875, 0.00030517578125, 0.0)	(0.02, -0.03, -0.3)	(0.0, 0.21, 9.8)	(2,	3,	0,	0)	(1700352236.0687869)	(
(27)	(0.0, 0.22, 9.47)	(-31.5, -87.375, 41.875)	(0.0, 0.001090830782496456, 0.001090830782496456)	(360.0, 0.0, -1.1875)	(0.99993896484375, 0.0107421875, 0.00030517578125, 0.0)	(0.02, 0.0, -0.35000000000000003)	(0.0, 0.21, 9.8)	(2,	3,	0,	0)	(1700352236.1129963)	(
(27)	(0.0, 0.22, 9.44)	(-31.875, -88.0625, 41.5)	(0.002181661564992912, 0.001090830782496456, -0.001090830782496456)	(360.0, 0.0, -1.1875)	(0.99993896484375, 0.0107421875, 0.00030517578125, 0.0)	(0.0, 0.0, -0.34)	(0.0, 0.21, 9.8)	(0,	3,	0,	0)	(1700352236.1751573)	(
(27)	(0.0, 0.2, 9.43)	(-30.75, -88.0625, 42.6875)	(0.0, 0.0, 0.002181661564992912)	(360.0, 0.0, -1.1875)	(0.99993896484375, 0.0107421875, 0.00030517578125, 0.0)	(0.0, -0.02, -0.33)	(0.0, 0.21, 9.8)	(0,	3,	0,	0)	(1700352236.2299507)	(
(27)	(0.0, 0.19, 9.48)	(-31.5, -87.0625, 41.875)	(0.0, 0.001090830782496456, 0.0)	(360.0, 0.0, -1.1875)	(0.99993896484375, 0.0107421875, 0.00030517578125, 0.0)	(0.01, -0.01, -0.34)	(0.0, 0.21, 9.8)	(0,	3,	0,	0)	(1700352236.2877302)	(
(27)	(-0.01, 0.2, 9.46)	(-30.75, -86.25, 41.5)	(0.001090830782496456, 0.001090830782496456, 0.001090830782496456)	(360.0, 0.0, -1.1875)	(0.99993896484375, 0.0107421875, 0.00030517578125, 0.0)	(0.01, -0.01, -0.33)	(0.0, 0.21, 9.8)	(0,	3,	0,	0)	(1700352236.3388007)	(
(27)	(-0.01, 0.2, 9.450000000000001)	(-31.0625, -86.25, 40.375)	(-0.001090830782496456, 0.002181661564992912, 0.0)	(360.0, 0.0, -1.1875)	(0.99993896484375, 0.0107421875, 0.00030517578125, 0.0)	(0.02, 0.0, -0.34)	(0.0, 0.21, 9.8)	(0,	3,	0,	0)	(1700352236.4392045)	(
(27)	(-0.01, 0.2, 9.450000000000001)	(-31.0625, -86.25, 41.5625)	(0.001090830782496456, 0.0, 0.0)	(360.0, 0.0, -1.1875)	(0.99993896484375, 0.0107421875, 0.00030517578125, 0.0)	(0.0, -0.01, -0.37)	(0.0, 0.21, 9.8)	(0,	3,	0,	0)	(1700352236.495033)	(
(27)	(-0.02, 0.18, 9.450000000000001)	(-31.0625, -86.25, 41.5)	(-0.002181661564992912, 0.001090830782496456, 0.001090830782496456)	(360.0, 0.0, -1.1875)	(0.99993896484375, 0.0107421875, 0.00030517578125, 0.0)	(0.0, 0.01, -0.36)	(0.0, 0.21, 9.8)	(0,	3,	0,	0)	(1700352236.5523934)	(
(27)	(0.0, 0.22, 9.46)	(-31.875, -86.25, 41.5)	(-0.001090830782496456, 0.001090830782496456, 0.002181661564992912)	(360.0, 0.0, -1.1875)	(0.99993896484375, 0.0107421875, 0.00030517578125, 0.0)	(0.0, -0.01, -0.36)	(0.0, 0.21, 9.8)	(0,	3,	0,	0)	(1700352236.6203935)	(
(27)	(0.0, 0.2, 9.47)	(-30.375, -86.6875, 41.875)	(0.001090830782496456, 0.001090830782496456, -0.002181661564992912)	(360.0, 0.0, -1.1875)	(0.99993896484375, 0.0107421875, 0.00030517578125, 0.0)	(0.0, -0.01, -0.35000000000000003)	(0.0, 0.21, 9.8)	(0,	3,	0,	0)	(1700352236.6788464)	(
(27)	(-0.01, 0.22, 9.44)	(-32.25, -87.0625, 40.75)	(0.001090830782496456, -0.001090830782496456, -0.001090830782496456)	(360.0, 0.0, -1.1875)	(0.99993896484375, 0.0107421875, 0.00030517578125, 0.0)	(0.01, -0.01, -0.33)	(0.0, 0.21, 9.8)	(0,	3,	0,	0)	(1700352236.731275)	(
(27)	(0.0, 0.2, 9.46)	(-30.75, -86.25, 40.75)	(0.002181661564992912, -0.003272492347489368, 0.001090830782496456)	(360.0, 0.0, -1.1875)	(0.99993896484375, 0.0107421875, 0.00030517578125, 0.0)	(0.01, 0.0, -0.33)	(0.0, 0.21, 9.8)	(0,	3,	0,	0)	(1700352236.79752)	(
(27)	(-0.02, 0.2, 9.44)	(-31.5, -86.25, 41.5)	(0.0, 0.002181661564992912, -0.001090830782496456)	(360.0, 0.0, -1.1875)	(0.99993896484375, 0.0107421875, 0.00030517578125, 0.0)	(0.02, 0.01, -0.37)	(0.0, 0.21, 9.8)	(0,	3,	0,	0)	(1700352236.8524804)	(
(27)	(0.0, 0.2, 9.48)	(-31.5, -86.6875, 41.5)	(0.001090830782496456, -0.002181661564992912, 0.003272492347489368)	(360.0, 0.0, -1.1875)	(0.99993896484375, 0.0107421875, 0.00030517578125, 0.0)	(0.02, 0.0, -0.36)	(0.0, 0.21, 9.8)	(0,	3,	0,	0)	(1700352236.9241145)	(
(27)	(0.0, 0.21, 9.450000000000001)	(-31.5, -87.375, 41.875)	(0.0, 0.001090830782496456, -0.001090830782496456)	(360.0, 0.0, -1.1875)	(0.99993896484375, 0.0107421875, 0.00030517578125, 0.0)	(0.0, -0.02, -0.35000000000000003)	(0.0, 0.21, 9.8)	(0,	3,	0,	0)	(1700352236.9949872)	(
(27)	(0.0, 0.2, 9.42)	(-31.0625, -86.25, 40.75)	(-0.002181661564992912, 0.0, 0.001090830782496456)	(360.0, 0.0, -1.1875)	(-1.00006103515625, 0.0107421875, 0.00030517578125, 0.0)	(0.0, 0.01, -0.36)	(0.0, 0.21, 9.8)	(0,	3,	0,	0)	(1700352237.0566778)	(
(27)	(0.0, 0.17, 9.450000000000001)	(-31.0625, -87.0625, 42.25)	(0.0, -0.001090830782496456, 0.001090830782496456)	(360.0, 0.0, -1.1875)	(0.99993896484375, 0.0107421875, 0.00030517578125, 0.0)	(-0.01, -0.01, -0.37)	(0.0, 0.21, 9.8)	(0,	3,	0,	0)	(1700352237.117958)	(
(27)	(0.0, 0.19, 9.46)	(-32.25, -86.25, 42.25)	(0.001090830782496456, -0.003272492347489368, 0.0)	(360.0, 0.0, -1.1875)	(0.99993896484375, 0.0107421875, 0.00030517578125, 0.0)	(0.03, 0.0, -0.34)	(0.0, 0.21, 9.8)	(0,	3,	0,	0)	(1700352237.1746516)	(
(27)	(-0.01, 0.19, 9.44)	(-31.0625, -86.6875, 40.75)	(-0.001090830782496456, 0.001090830782496456, 0.001090830782496456)	(360.0, 0.0, -1.1875)	(0.99993896484375, 0.0107421875, 0.00030517578125, 0.0)	(0.01, -0.01, -0.33)	(0.0, 0.21, 9.8)	(0,	3,	0,	0)	(1700352237.2405224)	(
(27)	(0.0, 0.19, 9.47)	(-30.75, -86.25, 41.5)	(0.0, -0.002181661564992912, 0.0)	(360.0, 0.0, -1.1875)	(0.99993896484375, 0.0107421875, 0.00030517578125, 0.0)	(0.0, 0.0, -0.34)	(0.0, 0.21, 9.8)	(0,	3,	0,	0)	(1700352237.296715)	(
(27)	(0.0, 0.19, 9.46)	(-31.0625, -86.6875, 41.5)	(0.001090830782496456, 0.001090830782496456, 0.002181661564992912)	(360.0, 0.0, -1.1875)	(0.99993896484375, 0.0107421875, 0.00030517578125, 0.0)	(0.0, 0.0, -0.39)	(0.0, 0.21, 9.8)	(0,	3,	0,	0)	(1700352237.3609338)	(
(27)	(-0.01, 0.2, 9.450000000000001)	(-31.875, -86.6875, 41.875)	(0.0, 0.002181661564992912, 0.001090830782496456)	(360.0, 0.0, -1.1875)	(0.99993896484375, 0.0107421875, 0.00030517578125, 0.0)	(0.0, -0.01, -0.35000000000000003)	(0.0, 0.21, 9.8)	(0,	3,	0,	0)	(1700352237.4243398)	(
(27)	(0.0, 0.2, 9.43)	(-31.0625, -86.25, 41.0625)	(0.002181661564992912, -0.001090830782496456, 0.0)	(360.0, 0.0, -1.1875)	(0.99993896484375, 0.0107421875, 0.00030517578125, 0.0)	(0.0, 0.0, -0.38)	(0.0, 0.21, 9.8)	(0,	3,	0,	0)	(1700352237.4767382)	(
(27)	(0.0, 0.19, 9.4)	(-23.0625, -87.0625, 41.5)	(0.0, -0.001090830782496456, -0.001090830782496456)	(360.0, 0.0, -1.1875)	(0.99993896484375, 0.0107421875, 0.00030517578125, 0.0)	(0.0, 0.0, -0.35000000000000003)	(0.0, 0.21, 9.8)	(0,	3,	0,	0)	(1700352237.5339253)	(
(27)	(0.0, 0.21, 9.43)	(-31.0625, -86.6875, 41.0625)	(0.0, 0.002181661564992912, 0.0)	(360.0, 0.0, -1.1875)	(0.99993896484375, 0.0107421875, 0.00030517578125, 0.0)	(0.0, 0.0, -0.35000000000000003)	(0.0, 0.21, 9.8)	(0,	3,	0,	0)	(1700352237.5859494)	(
(27)	(0.0, 0.21, 9.450000000000001)	(-32.25, -87.375, 41.0625)	(0.0, 0.002181661564992912, 0.0)	(360.0, 0.0, -1.1875)	(0.99993896484375, 0.0107421875, 0.00030517578125, 0.0)	(0.0, -0.02, -0.35000000000000003)	(0.0, 0.21, 9.8)	(0,	3,	0,	0)	(1700352237.6394126)	(
(27)	(0.0, 0.22, 9.450000000000001)	(-30.75, -87.0625, 41.875)	(0.001090830782496456, -0.002181661564992912, 0.0)	(360.0, 0.0, -1.1875)	(0.99993896484375, 0.0107421875, 0.00030517578125, 0.0)	(0.01, 0.0, -0.36)	(0.0, 0.21, 9.8)	(0,	3,	0,	0)	(1700352237.6927729)	(
(27)	(0.0, 0.19, 9.450000000000001)	(-31.0625, -87.375, 41.5625)	(0.001090830782496456, -0.001090830782496456, 0.0)	(360.0, 0.0, -1.1875)	(0.99993896484375, 0.0107421875, 0.00030517578125, 0.0)	(0.0, 0.01, -0.34)	(0.0, 0.21, 9.8)	(0,	3,	0,	0)	(1700352237.7482262)	(
(27)	(0.0, 0.17, 9.46)	(-31.5, -86.6875, 41.0625)	(0.001090830782496456, 0.0, -0.001090830782496456)	(360.0, 0.0, -1.1875)	(0.99993896484375, 0.0107421875, 0.00030517578125, 0.0)	(0.0, -0.01, -0.36)	(0.0, 0.21, 9.8)	(0,	3,	0,	0)	(1700352237.804398)	(
(27)	(0.0, 0.19, 9.44)	(-31.0625, -86.25, 41.5625)	(0.001090830782496456, -0.001090830782496456, 0.001090830782496456)	(360.0, 0.0, -1.1875)	(0.99993896484375, 0.0107421875, 0.00030517578125, 0.0)	(0.01, -0.01, -0.38)	(0.0, 0.21, 9.8)	(0,	3,	0,	0)	(1700352237.8566597)	(
(27)	(0.0, 0.22, 9.46)	(-32.5625, -87.0625, 41.0625)	(-0.001090830782496456, 0.002181661564992912, 0.003272492347489368)	(360.0, 0.0, -1.1875)	(0.99993896484375, 0.0107421875, 0.00030517578125, 0.0)	(0.0, 0.0, -0.36)	(0.0, 0.21, 9.8)	(0,	3,	0,	0)	(1700352237.9103274)	(
(27)	(0.0, 0.18, 9.450000000000001)	(-31.5, -86.25, 41.0625)	(-0.002181661564992912, 0.004363323129985824, -0.001090830782496456)	(360.0, 0.0, -1.1875)	(0.99993896484375, 0.0107421875, 0.00030517578125, 0.0)	(-0.01, 0.0, -0.37)	(0.0, 0.21, 9.8)	(0,	3,	0,	0)	(1700352237.96494)	(
(27)	(0.0, 0.2, 9.43)	(-31.875, -86.6875, 40.75)	(0.001090830782496456, 0.0, 0.001090830782496456)	(360.0, 0.0, -1.1875)	(0.99993896484375, 0.0107421875, 0.00030517578125, 0.0)	(0.01, -0.02, -0.38)	(0.0, 0.21, 9.8)	(0,	3,	0,	0)	(1700352238.0165956)	(
(27)	(0.01, 0.2, 9.44)	(-30.75, -85.875, 41.0625)	(0.0, 0.0, -0.001090830782496456)	(360.0, 0.0, -1.1875)	(0.99993896484375, 0.0107421875, 0.00030517578125, 0.0)	(0.0, 0.0, -0.37)	(0.0, 0.21, 9.8)	(0,	3,	0,	0)	(1700352238.07668)	(
(27)	(0.0, 0.19, 9.42)	(-30.75, -86.6875, 41.5)	(0.001090830782496456, -0.002181661564992912, 0.0)	(360.0, 0.0, -1.1875)	(0.99993896484375, 0.0107421875, 0.00030517578125, 0.0)	(0.01, -0.01, -0.33)	(0.0, 0.21, 9.8)	(0,	3,	0,	0)	(1700352238.129473)	(
(27)	(0.0, 0.21, 9.450000000000001)	(-31.5, -85.875, 40.0)	(0.001090830782496456, 0.0, 0.0)	(360.0, 0.0, -1.1875)	(0.99993896484375, 0.0107421875, 0.00030517578125, 0.0)	(0.0, 0.0, -0.33)	(0.0, 0.21, 9.8)	(0,	3,	0,	0)	(1700352238.1841297)	(
(27)	(0.0, 0.22, 9.43)	(-31.5, -86.25, 41.5625)	(0.0, -0.001090830782496456, -0.001090830782496456)	(360.0, 0.0, -1.1875)	(0.99993896484375, 0.0107421875, 0.00030517578125, 0.0)	(0.01, -0.01, -0.34)	(0.0, 0.21, 9.8)	(0,	3,	0,	0)	(1700352238.2335148)	(
(27)	(0.0, 0.19, 9.41)	(-31.0625, -87.0625, 40.75)	(0.0, 0.0, 0.002181661564992912)	(360.0, 0.0, -1.1875)	(0.99993896484375, 0.0107421875, 0.00030517578125, 0.0)	(0.01, -0.02, -0.34)	(0.0, 0.21, 9.8)	(0,	3,	0,	0)	(1700352238.28802)	(
(27)	(0.0, 0.22, 9.42)	(-31.0625, -86.25, 41.5625)	(0.0, -0.001090830782496456, -0.001090830782496456)	(360.0, 0.0, -1.1875)	(0.99993896484375, 0.0107421875, 0.00030517578125, 0.0)	(0.0, -0.02, -0.34)	(1.28, 0.21, 9.8)	(0,	3,	0,	0)	(1700352238.3418686)	(
(27)	(1.29, 0.2, 9.48)	(-31.5, -86.6875, 41.5625)	(-0.001090830782496456, -0.002181661564992912, 0.0)	(360.0, 0.0, -1.1875)	(0.99993896484375, 0.0107421875, 0.00030517578125, 0.0)	(0.0, -0.01, -0.36)	(0.0, 0.21, 9.8)	(0,	3,	0,	0)	(1700352238.3949018)	(
(27)	(0.0, 0.2, 9.41)	(-31.5, -86.6875, 41.0625)	(-0.001090830782496456, 0.0, 0.001090830782496456)	(360.0, 0.0, -1.1875)	(0.99993896484375, 0.0107421875, 0.00030517578125, 0.0)	(-0.01, -0.01, -0.32)	(0.0, 0.21, 9.8)	(0,	3,	0,	0)	(1700352238.4441776)	(
(27)	(-0.01, 0.2, 9.450000000000001)	(-31.5, -86.6875, 41.5)	(0.002181661564992912, -0.004363323129985824, -0.001090830782496456)	(360.0, 0.0, -1.1875)	(0.99993896484375, 0.0107421875, 0.00030517578125, 0.0)	(-0.02, 0.01, -0.34)	(0.0, 0.21, 9.8)	(0,	3,	0,	0)	(1700352238.501354)	(
(27)	(0.0, 0.22, 9.44)	(-32.25, -87.0625, 42.25)	(0.1407171709420428, 0.003272492347489368, 0.002181661564992912)	(360.0, 0.0, -1.1875)	(0.99993896484375, 0.0107421875, 0.00030517578125, 0.0)	(0.0, 0.0, -0.35000000000000003)	(0.0, 0.21, 9.8)	(0,	3,	0,	0)	(1700352238.553705)	(
(27)	(0.0, 0.19, 9.42)	(-31.5, -86.6875, 41.1875)	(-0.002181661564992912, 0.001090830782496456, 0.0)	(360.0, 0.0, -1.1875)	(0.99993896484375, 0.0107421875, 0.00030517578125, 0.0)	(0.01, 0.0, -0.33)	(0.0, 0.21, 9.8)	(0,	3,	0,	0)	(1700352238.6062636)	(
(27)	(0.0, 0.2, 9.450000000000001)	(-31.875, -87.0625, 40.375)	(0.0, 0.001090830782496456, 0.0)	(360.0, 0.0, -1.1875)	(0.99993896484375, 0.0107421875, 0.00030517578125, 0.0)	(0.0, 0.0, -0.35000000000000003)	(0.0, 0.21, 9.8)	(0,	3,	0,	0)	(1700352238.6537433)	(
(27)	(0.0, 0.21, 9.48)	(-32.25, -86.25, 40.75)	(0.0, 0.001090830782496456, 0.0)	(360.0, 0.0, -1.1875)	(0.99993896484375, 0.0107421875, 0.00030517578125, 0.0)	(0.01, 0.0, -0.39)	(0.0, 0.21, 9.8)	(0,	3,	0,	0)	(1700352238.7107537)	(
(27)	(0.02, 0.2, 9.46)	(-30.75, -86.6875, 42.6875)	(0.001090830782496456, -0.001090830782496456, 0.0)	(360.0, 0.0, -1.1875)	(0.99993896484375, 0.0107421875, 0.00030517578125, 0.0)	(0.01, -0.01, -0.37)	(0.0, 0.21, 9.8)	(0,	3,	0,	0)	(1700352238.7656817)	(
(27)	(-0.01, 0.2, 9.48)	(-30.75, -86.25, 40.75)	(0.0, -0.001090830782496456, -0.001090830782496456)	(360.0, 0.0, -1.1875)	(0.99993896484375, 0.0107421875, 0.00030517578125, 0.0)	(0.0, 0.01, -0.33)	(0.0, 0.21, 9.8)	(0,	3,	0,	0)	(1700352238.8378124)	(
(27)	(0.01, 0.2, 9.44)	(-32.25, -87.375, 41.875)	(0.001090830782496456, 0.0, -0.001090830782496456)	(360.0, 0.0, -1.1875)	(0.99993896484375, 0.0107421875, 0.00030517578125, 0.0)	(0.0, -0.01, -0.34)	(0.0, 0.21, 9.8)	(0,	3,	0,	0)	(1700352238.8936296)	(
(27)	(0.02, 0.19, 9.43)	(-30.75, -87.375, 41.5)	(-0.002181661564992912, 0.0, 0.0)	(360.0, 0.0, -1.1875)	(0.99993896484375, 0.0107421875, 0.00030517578125, 0.0)	(0.0, -0.01, -0.33)	(0.0, 0.21, 9.8)	(0,	3,	0,	0)	(1700352238.9564083)	(
(27)	(0.0, 0.19, 9.44)	(-31.0625, -86.6875, 41.0625)	(0.001090830782496456, 0.0, -0.001090830782496456)	(360.0, 0.0, -1.1875)	(0.99993896484375, 0.0107421875, 0.00030517578125, 0.0)	(0.0, -0.01, -0.36)	(0.0, 0.21, 9.8)	(0,	3,	0,	0)	(1700352239.011554)	(
(27)	(0.02, 0.22, 9.450000000000001)	(-30.75, -87.375, 42.25)	(0.0, 0.0, -0.001090830782496456)	(360.0, 0.0, -1.1875)	(0.99993896484375, 0.0107421875, 0.00030517578125, 0.0)	(0.01, -0.02, -0.38)	(0.0, 0.21, 9.8)	(0,	3,	0,	0)	(1700352239.066474)	(
(27)	(-0.01, 0.21, 9.46)	(-32.25, -87.0625, 41.875)	(-0.001090830782496456, 0.003272492347489368, -0.001090830782496456)	(360.0, 0.0, -1.1875)	(0.99993896484375, 0.0107421875, 0.00030517578125, 0.0)	(0.0, 0.0, -0.34)	(1.28, 0.21, 9.8)	(0,	3,	0,	0)	(1700352239.135319)	(
(27)	(0.0, 0.22, 9.43)	(-32.25, -87.0625, 41.875)	(0.002181661564992912, -0.002181661564992912, 0.002181661564992912)	(360.0, 0.0, -1.1875)	(0.99993896484375, 0.0107421875, 0.00030517578125, 0.0)	(0.02, 0.0, -0.35000000000000003)	(0.0, 0.21, 9.8)	(0,	3,	0,	0)	(1700352239.1903532)	(
(27)	(0.0, 0.19, 9.42)	(-30.75, -87.0625, 42.25)	(0.001090830782496456, -0.001090830782496456, 0.001090830782496456)	(360.0, 0.0, -1.1875)	(0.99993896484375, 0.0107421875, 0.00030517578125, 0.0)	(0.0, -0.02, -0.34)	(0.0, 0.21, 9.8)	(0,	3,	0,	0)	(1700352239.2505546)	(
(27)	(-0.01, 0.22, 9.450000000000001)	(-31.5, -86.6875, 41.1875)	(0.0, -0.001090830782496456, 0.001090830782496456)	(360.0, 0.0, -1.1875)	(0.99993896484375, 0.0107421875, 0.00030517578125, 0.0)	(0.0, 0.0, -0.37)	(0.0, 0.21, 9.8)	(0,	3,	0,	0)	(1700352239.306109)	(
(27)	(0.0, 0.2, 9.46)	(-31.5, -86.25, 41.0625)	(0.001090830782496456, -0.002181661564992912, 0.001090830782496456)	(360.0, 0.0, -1.1875)	(0.99993896484375, 0.0107421875, 0.00030517578125, 0.0)	(0.02, 0.0, -0.37)	(0.0, 0.21, 9.8)	(0,	3,	0,	0)	(1700352239.3717232)	(
(27)	(0.0, 0.19, 9.46)	(-32.25, -86.6875, 42.25)	(-0.002181661564992912, -0.001090830782496456, 0.001090830782496456)	(360.0, 0.0, -1.1875)	(0.99993896484375, 0.0107421875, 0.00030517578125, 0.0)	(0.0, -0.01, -0.36)	(0.0, 0.21, 9.8)	(0,	3,	0,	0)	(1700352239.4052663)	(
(27)	(0.0, 0.2, 9.43)	(-32.25, -86.6875, 42.25)	(0.0, 0.0, -0.001090830782496456)	(360.0, 0.0, -1.1875)	(0.99993896484375, 0.0107421875, 0.00030517578125, 0.0)	(-0.02, -0.01, -0.36)	(0.0, 0.21, 9.8)	(2,	3,	0,	0)	(1700352239.4369502)	(
(27)	(-0.02, 0.18, 9.450000000000001)	(-31.875, -87.0625, 41.5625)	(0.002181661564992912, -0.002181661564992912, 0.001090830782496456)	(360.0, 0.0, -1.1875)	(0.99993896484375, 0.0107421875, 0.00030517578125, 0.0)	(-0.01, 0.0, -0.36)	(0.0, 0.21, 9.8)	(2,	3,	0,	0)	(1700352239.4674656)	(
(27)	(-0.02, 0.22, 9.43)	(-30.75, -86.25, 41.5)	(-0.001090830782496456, -0.002181661564992912, 0.0)	(360.0, 0.0, -1.1875)	(0.99993896484375, 0.0107421875, 0.00030517578125, 0.0)	(0.01, -0.01, -0.35000000000000003)	(0.0, 0.21, 9.8)	(0,	3,	0,	0)	(1700352239.5278256)	(
(27)	(-0.01, 0.21, 9.46)	(-31.875, -85.5625, 42.25)	(0.0, -0.001090830782496456, 0.001090830782496456)	(360.0, 0.0, -1.1875)	(0.99993896484375, 0.0107421875, 0.00030517578125, 0.0)	(0.0, -0.02, -0.37)	(0.0, 0.21, 9.8)	(0,	3,	0,	0)	(1700352239.5919907)	(
(27)	(0.0, 0.2, 9.44)	(-31.5, -86.25, 40.75)	(0.0, 0.001090830782496456, 0.001090830782496456)	(360.0, 0.0, -1.1875)	(0.99993896484375, 0.0107421875, 0.00030517578125, 0.0)	(0.0, 0.0, -0.35000000000000003)	(0.0, 0.21, 9.8)	(0,	3,	0,	0)	(1700352239.65626)	(
(27)	(0.0, 0.2, 9.46)	(-31.875, -86.25, 41.875)	(0.0, 0.001090830782496456, 0.0)	(360.0, 0.0, -1.1875)	(0.99993896484375, 0.0107421875, 0.00030517578125, 0.0)	(0.01, 0.0, -0.37)	(0.0, 0.21, 9.8)	(0,	3,	0,	0)	(1700352239.7316911)	(
(27)	(-0.02, 0.2, 9.46)	(-32.25, -86.6875, 41.0625)	(0.001090830782496456, 0.003272492347489368, -0.001090830782496456)	(360.0, 0.0, -1.1875)	(0.99993896484375, 0.0107421875, 0.00030517578125, 0.0)	(0.0, -0.02, -0.34)	(0.0, 0.21, 9.8)	(0,	3,	0,	0)	(1700352239.7955008)	(
(27)	(0.0, 0.21, 9.43)	(-31.0625, -87.0625, 41.5625)	(0.0, 0.002181661564992912, 0.001090830782496456)	(360.0, 0.0, -1.1875)	(0.99993896484375, 0.0107421875, 0.00030517578125, 0.0)	(0.0, 0.0, -0.35000000000000003)	(0.0, 0.21, 9.8)	(0,	3,	0,	0)	(1700352239.8490582)	(
(27)	(0.0, 0.19, 9.44)	(-31.0625, -87.375, 41.5)	(0.001090830782496456, -0.002181661564992912, 0.0)	(360.0, 0.0, -1.1875)	(0.99993896484375, 0.0107421875, 0.00030517578125, 0.0)	(0.01, -0.01, -0.35000000000000003)	(0.0, 0.21, 9.8)	(0,	3,	0,	0)	(1700352239.9148288)	(
(27)	(-0.01, 0.21, 9.42)	(-31.0625, -87.0625, 40.75)	(-0.001090830782496456, 0.003272492347489368, 0.001090830782496456)	(360.0, 0.0, -1.1875)	(0.99993896484375, 0.0107421875, 0.00030517578125, 0.0)	(0.0, -0.01, -0.39)	(0.0, 0.21, 9.8)	(0,	3,	0,	0)	(1700352239.9713864)	(
(27)	(0.01, 0.2, 9.44)	(-31.875, -87.0625, 41.0625)	(0.0, 0.001090830782496456, 0.002181661564992912)	(360.0, 0.0, -1.1875)	(-1.00006103515625, 0.0107421875, 0.00030517578125, 0.0)	(-0.01, 0.0, -0.36)	(0.0, 0.21, 9.8)	(0,	3,	0,	0)	(1700352240.0298953)	(
(27)	(0.0, 0.17, 9.44)	(-29.6875, -87.0625, 41.875)	(0.001090830782496456, 0.004363323129985824, 0.0)	(360.0, 0.0, -1.1875)	(0.99993896484375, 0.0107421875, 0.00030517578125, 0.0)	(-0.01, -0.01, -0.35000000000000003)	(0.0, 0.21, 9.8)	(0,	3,	0,	0)	(1700352240.0922613)	(
(27)	(0.0, 0.18, 9.44)	(-31.5, -86.25, 41.5)	(0.0, 0.0, -0.002181661564992912)	(360.0, 0.0, -1.1875)	(0.99993896484375, 0.0107421875, 0.00030517578125, 0.0)	(0.0, -0.01, -0.33)	(0.0, 0.21, 9.8)	(0,	3,	0,	0)	(1700352240.1470325)	(
(27)	(0.0, 0.19, 9.44)	(-31.5, -86.6875, 40.75)	(0.0, -0.002181661564992912, 0.0)	(360.0, 0.0, -1.1875)	(0.99993896484375, 0.0107421875, 0.00030517578125, 0.0)	(0.01, 0.0, -0.36)	(0.0, 0.21, 9.8)	(0,	3,	0,	0)	(1700352240.2127972)	(
(27)	(0.0, 0.17, 9.49)	(-31.0625, -87.75, 41.5)	(0.0, 0.003272492347489368, -0.001090830782496456)	(360.0, 0.0, -1.1875)	(0.99993896484375, 0.0107421875, 0.00030517578125, 0.0)	(0.0, -0.01, -0.37)	(0.0, 0.21, 9.8)	(0,	3,	0,	0)	(1700352240.2818916)	(
(27)	(0.0, 0.21, 9.46)	(-30.75, -86.25, 41.0625)	(-0.001090830782496456, 0.0, -0.002181661564992912)	(360.0, 0.0, -1.1875)	(0.99993896484375, 0.0107421875, 0.00030517578125, 0.0)	(0.01, -0.01, -0.34)	(0.0, 0.21, 9.8)	(0,	3,	0,	0)	(1700352240.3475385)	(
(27)	(0.0, 0.2, 9.42)	(-32.25, -86.25, 41.5625)	(-0.001090830782496456, 0.001090830782496456, 0.002181661564992912)	(360.0, 0.0, -1.1875)	(0.99993896484375, 0.0107421875, 0.00030517578125, 0.0)	(0.02, 0.01, -0.36)	(0.0, 0.21, 9.8)	(0,	3,	0,	0)	(1700352240.4035423)	(
(27)	(0.0, 0.19, 9.42)	(-32.25, -86.25, 41.5625)	(-0.002181661564992912, 0.00545415391248228, -0.002181661564992912)	(360.0, 0.0, -1.1875)	(0.99993896484375, 0.0107421875, 0.00030517578125, 0.0)	(0.0, 0.0, -0.38)	(0.0, 0.21, 9.8)	(0,	3,	0,	0)	(1700352240.4659567)	(
(27)	(0.0, 0.21, 9.43)	(-31.0625, -86.6875, 41.875)	(-0.001090830782496456, 0.001090830782496456, -0.002181661564992912)	(360.0, 0.0, -1.1875)	(0.99993896484375, 0.0107421875, 0.00030517578125, 0.0)	(0.0, -0.01, -0.38)	(0.0, 0.21, 9.8)	(0,	3,	0,	0)	(1700352240.5291414)	(
(27)	(-0.01, 0.19, 9.46)	(-32.25, -86.6875, 41.0625)	(0.001090830782496456, 0.001090830782496456, -0.002181661564992912)	(360.0, 0.0, -1.1875)	(0.99993896484375, 0.0107421875, 0.00030517578125, 0.0)	(0.0, -0.02, -0.35000000000000003)	(0.0, 0.21, 9.8)	(0,	3,	0,	0)	(1700352240.5860727)	(
(27)	(0.0, 0.18, 9.46)	(-31.5, -86.6875, 41.0625)	(0.002181661564992912, -0.001090830782496456, -0.001090830782496456)	(360.0, 0.0, -1.1875)	(0.99993896484375, 0.0107421875, 0.00030517578125, 0.0)	(0.0, 0.0, -0.36)	(0.0, 0.21, 9.8)	(0,	3,	0,	0)	(1700352240.6437125)	(
(27)	(0.0, 0.19, 9.43)	(-31.875, -87.0625, 41.5625)	(0.001090830782496456, 0.0, 0.002181661564992912)	(360.0, 0.0, -1.1875)	(0.99993896484375, 0.0107421875, 0.00030517578125, 0.0)	(0.01, 0.0, -0.34)	(0.0, 0.21, 9.8)	(0,	3,	0,	0)	(1700352240.699424)	(
(27)	(-0.01, 0.2, 9.450000000000001)	(-30.75, -87.375, 41.875)	(-0.001090830782496456, -0.001090830782496456, 0.0)	(360.0, 0.0, -1.1875)	(0.99993896484375, 0.0107421875, 0.00030517578125, 0.0)	(0.0, -0.01, -0.35000000000000003)	(0.0, 0.21, 9.8)	(0,	3,	0,	0)	(1700352240.7629795)	(
(27)	(-0.01, 0.21, 9.46)	(-30.75, -86.25, 41.5625)	(0.001090830782496456, 0.001090830782496456, 0.0)	(360.0, 0.0, -1.1875)	(0.99993896484375, 0.0107421875, 0.00030517578125, 0.0)	(0.03, 0.0, -0.36)	(0.0, 0.21, 9.8)	(0,	3,	0,	0)	(1700352240.8219008)	(
(27)	(0.0, 0.19, 9.450000000000001)	(-31.5, -87.0625, 41.5625)	(0.0, 0.001090830782496456, -0.001090830782496456)	(360.0, 0.0, -1.1875)	(0.99993896484375, 0.0107421875, 0.00030517578125, 0.0)	(0.01, -0.01, -0.34)	(0.0, 0.21, 9.8)	(0,	3,	0,	0)	(1700352240.8833907)	(
(27)	(0.0, 0.18, 9.44)	(-31.875, -86.6875, 41.875)	(0.0, 0.001090830782496456, -0.001090830782496456)	(360.0, 0.0, -1.1875)	(0.99993896484375, 0.0107421875, 0.00030517578125, 0.0)	(-0.01, -0.02, -0.39)	(0.0, 0.21, 9.8)	(0,	3,	0,	0)	(1700352240.9359717)	(
(27)	(0.0, 0.2, 9.450000000000001)	(-30.75, -86.6875, 41.1875)	(-0.003272492347489368, 0.0, 0.0)	(360.0, 0.0, -1.1875)	(0.99993896484375, 0.0107421875, 0.00030517578125, 0.0)	(0.0, 0.0, -0.37)	(0.0, 0.21, 9.8)	(0,	3,	0,	0)	(1700352240.9888265)	(
(27)	(0.0, 0.19, 9.44)	(-31.5, -87.0625, 41.875)	(0.002181661564992912, -0.001090830782496456, -0.002181661564992912)	(360.0, 0.0, -1.1875)	(0.99993896484375, 0.0107421875, 0.00030517578125, 0.0)	(0.0, 0.0, -0.33)	(0.0, 0.21, 9.8)	(0,	3,	0,	0)	(1700352241.041476)	(
(27)	(0.0, 0.19, 9.43)	(-31.5, -87.0625, 41.875)	(0.001090830782496456, 0.001090830782496456, 0.001090830782496456)	(360.0, 0.0, -1.1875)	(0.99993896484375, 0.0107421875, 0.00030517578125, 0.0)	(0.0, -0.04, -0.35000000000000003)	(0.0, 0.21, 9.8)	(0,	3,	0,	0)	(1700352241.095032)	(
(27)	(0.0, 0.21, 9.43)	(-31.0625, -86.6875, 41.0625)	(-0.001090830782496456, 0.0, 0.001090830782496456)	(360.0, 0.0, -1.1875)	(0.99993896484375, 0.0107421875, 0.00030517578125, 0.0)	(0.01, -0.01, -0.33)	(0.0, 0.21, 9.8)	(0,	3,	0,	0)	(1700352241.1450248)	(
(27)	(0.01, 0.17, 9.42)	(-31.875, -86.25, 41.0625)	(0.001090830782496456, -0.002181661564992912, -0.001090830782496456)	(360.0, 0.0, -1.1875)	(0.99993896484375, 0.0107421875, 0.00030517578125, 0.0)	(0.01, -0.02, -0.34)	(0.0, 0.21, 9.8)	(0,	3,	0,	0)	(1700352241.1989834)	(
(27)	(0.0, 0.19, 9.44)	(-31.0625, -85.875, 41.5625)	(-0.002181661564992912, 0.0, 0.002181661564992912)	(360.0, 0.0, -1.1875)	(0.99993896484375, 0.0107421875, 0.00030517578125, 0.0)	(-0.01, -0.03, -0.35000000000000003)	(0.0, 0.21, 9.8)	(0,	3,	0,	0)	(1700352241.2494006)	(
(27)	(0.0, 0.2, 9.44)	(-31.875, -86.6875, 41.0625)	(0.0, -0.002181661564992912, 0.001090830782496456)	(360.0, 0.0, -1.1875)	(0.99993896484375, 0.0107421875, 0.00030517578125, 0.0)	(0.01, -0.01, -0.35000000000000003)	(0.0, 0.21, 9.8)	(0,	3,	0,	0)	(1700352241.3008718)	(
(27)	(0.0, 0.22, 9.41)	(-31.5, -87.0625, 41.5625)	(0.0, 0.0, -0.001090830782496456)	(360.0, 0.0, -1.1875)	(0.99993896484375, 0.0107421875, 0.00030517578125, 0.0)	(0.0, -0.01, -0.32)	(0.0, 0.21, 9.8)	(0,	3,	0,	0)	(1700352241.350407)	(
