Temp (c), Acc
(29)	(-0.01, 0.29, 9.450000000000001)	(-30.0625, -86.0625, 42.375)	(-0.001090830782496456, 0.0, 0.0)	(0.0, 0.0, 0.0)	(0.0, 0.0, 0.0, 0.0)	(0.0, 0.0, 0.0)	(0.0, 0.0, 0.0)	(0,	0,	0,	0)	(1700356611.1135876)	(
(29)	(0.0, 0.29, 9.46)	(-30.0625, -86.0625, 42.375)	(-0.001090830782496456, -0.002181661564992912, -0.003272492347489368)	(0.0, 0.0, 0.0)	(1.0, 0.0, 0.0, 0.0)	(-0.01, 0.29, -0.34)	(0.0, 0.0, 9.8)	(0,	0,	0,	0)	(1700356611.1698139)	(
(29)	(-0.01, 0.29, 9.46)	(-30.75, -85.75, 41.1875)	(0.13962634015954636, -0.003272492347489368, 0.001090830782496456)	(360.0, -0.0625, -1.75)	(0.9998779296875, 0.0155029296875, 0.000732421875, 0.0)	(0.0, 0.0, -0.33)	(-0.01, 0.3, 9.8)	(0,	0,	0,	0)	(1700356611.223273)	(
(29)	(-0.01, 0.31, 9.44)	(-30.5, -86.0625, 41.5625)	(0.0, -0.004363323129985824, -0.001090830782496456)	(360.0, -0.0625, -1.75)	(0.9998779296875, 0.0155029296875, 0.000732421875, 0.0)	(0.01, -0.02, -0.34)	(-0.01, 0.3, 9.8)	(0,	0,	0,	0)	(1700356611.282374)	(
(29)	(-0.02, 0.28, 9.450000000000001)	(-30.75, -85.75, 42.0)	(0.0, -0.001090830782496456, 0.001090830782496456)	(360.0, -0.0625, -1.75)	(0.9998779296875, 0.0155029296875, 0.000732421875, 0.0)	(0.0, 0.0, -0.34)	(-0.01, 0.3, 9.8)	(0,	0,	0,	0)	(1700356611.3504515)	(
(29)	(-0.01, 0.27, 9.48)	(-31.1875, -85.375, 42.375)	(-0.001090830782496456, -0.002181661564992912, 0.001090830782496456)	(360.0, -0.0625, -1.75)	(0.9998779296875, 0.0155029296875, 0.000732421875, 0.0)	(0.01, 0.0, -0.34)	(-0.01, 0.3, 9.8)	(0,	0,	0,	0)	(1700356611.4169438)	(
(29)	(-0.01, 0.28, 9.4)	(-30.0625, -85.75, 42.0)	(-0.001090830782496456, 0.0, -0.001090830782496456)	(360.0, -0.0625, -1.75)	(0.9998779296875, 0.0155029296875, 0.000732421875, 0.0)	(0.0, -0.02, -0.34)	(-0.01, 0.3, 9.8)	(0,	0,	0,	0)	(1700356611.4713972)	(
(29)	(-0.01, 0.28, 9.450000000000001)	(-31.875, -85.0, 42.0)	(-0.001090830782496456, -0.001090830782496456, -0.001090830782496456)	(360.0, -0.0625, -1.75)	(0.9998779296875, 0.0155029296875, 0.000732421875, 0.0)	(0.0, 0.0, -0.34)	(-0.01, 0.3, 9.8)	(0,	0,	0,	0)	(1700356611.5414145)	(
(29)	(0.0, 0.31, 9.450000000000001)	(-30.5, -85.0, 42.375)	(-0.001090830782496456, 0.001090830782496456, 0.0)	(360.0, -0.0625, -1.75)	(0.9998779296875, 0.0155029296875, 0.000732421875, 0.0)	(0.0, -0.03, -0.34)	(-0.01, 0.3, 9.8)	(0,	0,	0,	0)	(1700356611.6213558)	(
(29)	(-0.01, 0.29, 9.42)	(-22.0625, -85.75, 42.75)	(-0.001090830782496456, -0.001090830782496456, 0.001090830782496456)	(360.0, -0.0625, -1.75)	(0.9998779296875, 0.0155029296875, 0.000732421875, 0.0)	(0.01, -0.02, -0.33)	(-0.01, 0.3, 9.8)	(0,	0,	0,	0)	(1700356611.705844)	(
(29)	(0.0, 0.29, 9.44)	(-30.75, -84.5625, 42.75)	(-0.002181661564992912, 0.0, -0.001090830782496456)	(360.0, -0.0625, -1.75)	(0.9998779296875, 0.0155029296875, 0.000732421875, 0.0)	(0.0, 0.0, -0.34)	(-0.01, 0.3, 9.8)	(0,	0,	0,	0)	(1700356611.7674081)	(
(29)	(0.0, 0.29, 9.44)	(-32.25, -85.375, 43.1875)	(0.0, 0.002181661564992912, 0.003272492347489368)	(360.0, -0.0625, -1.75)	(0.9998779296875, 0.0155029296875, 0.000732421875, 0.0)	(0.0, 0.0, -0.35000000000000003)	(-0.01, 0.3, 9.8)	(0,	3,	0,	0)	(1700356611.863933)	(
(29)	(0.0, 0.31, 9.450000000000001)	(-30.5, -84.5625, 43.5625)	(0.002181661564992912, -0.002181661564992912, 0.0)	(359.9375, -0.0625, -1.75)	(0.9998779296875, 0.0155029296875, 0.000732421875, 0.0)	(0.0, -0.03, -0.38)	(-0.01, 0.3, 9.8)	(0,	3,	0,	0)	(1700356611.9542546)	(
(29)	(-0.02, 0.3, 9.47)	(-29.75, -85.375, 42.75)	(-0.001090830782496456, -0.001090830782496456, 0.001090830782496456)	(359.9375, -0.0625, -1.75)	(0.9998779296875, 0.0155029296875, 0.000732421875, 0.0)	(0.0, -0.04, -0.33)	(-0.01, 0.3, 9.8)	(0,	3,	0,	0)	(1700356612.0356047)	(
(29)	(0.0, 0.3, 9.450000000000001)	(-29.0, -85.75, 42.375)	(0.0, 0.002181661564992912, 0.001090830782496456)	(359.9375, -0.0625, -1.75)	(0.9998779296875, 0.0155029296875, 0.000732421875, 0.0)	(0.01, 0.0, -0.39)	(-0.01, 0.3, 9.8)	(0,	3,	0,	0)	(1700356612.1072989)	(
(29)	(-0.02, 0.29, 9.450000000000001)	(-30.5, -86.0625, 42.375)	(0.001090830782496456, 0.0, 0.003272492347489368)	(359.9375, -0.0625, -1.75)	(0.9998779296875, 0.0155029296875, 0.000732421875, 0.0)	(0.01, 0.0, -0.3)	(-0.01, 0.3, 9.8)	(0,	3,	0,	0)	(1700356612.207712)	(
(29)	(-0.01, 0.27, 9.46)	(-29.75, -85.75, 42.75)	(0.001090830782496456, 0.0, -0.001090830782496456)	(359.9375, -0.0625, -1.75)	(0.9998779296875, 0.0155029296875, 0.000732421875, 0.0)	(0.0, 0.01, -0.32)	(-0.01, 0.3, 9.8)	(0,	3,	0,	0)	(1700356612.287365)	(
(29)	(0.02, 0.3, 9.46)	(-22.5, -85.375, 41.5625)	(0.001090830782496456, 0.001090830782496456, 0.0)	(359.9375, -0.0625, -1.75)	(0.9998779296875, 0.0155029296875, 0.000732421875, 0.0)	(0.0, 0.0, -0.36)	(-0.01, 0.3, 9.8)	(0,	3,	0,	0)	(1700356612.3557224)	(
(29)	(-0.01, 0.3, 9.46)	(-30.5, -85.75, 42.75)	(0.001090830782496456, -0.001090830782496456, -0.001090830782496456)	(359.9375, -0.0625, -1.75)	(0.9998779296875, 0.0155029296875, 0.000732421875, 0.0)	(-0.01, -0.02, -0.33)	(-0.01, 0.3, 9.8)	(0,	3,	0,	0)	(1700356612.4236462)	(
(29)	(-0.01, 0.31, 9.44)	(-21.75, -85.375, 43.1875)	(0.0, -0.003272492347489368, 0.001090830782496456)	(359.9375, -0.0625, -1.75)	(0.9998779296875, 0.0155029296875, 0.000732421875, 0.0)	(0.01, 0.01, -0.32)	(-0.01, 0.3, 9.8)	(0,	3,	0,	0)	(1700356612.4856665)	(
(29)	(-0.01, 0.29, 9.46)	(-29.75, -85.375, 42.0)	(0.002181661564992912, -0.002181661564992912, 0.0)	(359.9375, -0.0625, -1.75)	(0.9998779296875, 0.0155029296875, 0.000732421875, 0.0)	(0.0, -0.01, -0.35000000000000003)	(-0.01, 0.3, 9.8)	(0,	3,	0,	0)	(1700356612.5668483)	(
(29)	(-0.01, 0.28, 9.47)	(-22.75, -85.375, 42.0)	(-0.001090830782496456, -0.002181661564992912, 0.0)	(359.9375, -0.0625, -1.75)	(0.9998779296875, 0.0155029296875, 0.000732421875, 0.0)	(0.0, -0.01, -0.34)	(-0.01, 0.3, 9.8)	(0,	3,	0,	0)	(1700356612.63078)	(
(29)	(0.02, 0.28, 9.43)	(-31.1875, -85.375, 41.5625)	(0.002181661564992912, -0.002181661564992912, -0.002181661564992912)	(359.9375, -0.0625, -1.75)	(0.9998779296875, 0.0155029296875, 0.000732421875, 0.0)	(0.02, 0.0, -0.34)	(-0.01, 0.3, 9.8)	(0,	3,	0,	0)	(1700356612.694667)	(
(29)	(-0.01, 0.28, 9.47)	(-30.0625, -85.75, 42.375)	(0.001090830782496456, -0.002181661564992912, 0.0)	(359.9375, -0.0625, -1.75)	(0.9998779296875, 0.0155029296875, 0.000732421875, 0.0)	(0.01, 0.01, -0.34)	(-0.01, 0.3, 9.8)	(0,	3,	0,	0)	(1700356612.7701406)	(
(29)	(0.01, 0.32, 9.44)	(-30.5, -85.0, 42.75)	(0.001090830782496456, -0.00545415391248228, 0.001090830782496456)	(359.9375, -0.0625, -1.75)	(0.9998779296875, 0.0155029296875, 0.000732421875, 0.0)	(0.01, 0.02, -0.33)	(-0.01, 0.3, 9.8)	(0,	3,	0,	0)	(1700356612.83364)	(
(29)	(0.0, 0.28, 9.450000000000001)	(-29.75, -84.5625, 42.375)	(-0.001090830782496456, -0.00545415391248228, 0.0)	(359.9375, -0.0625, -1.75)	(0.9998779296875, 0.0155029296875, 0.000732421875, 0.0)	(-0.01, 0.01, -0.35000000000000003)	(-0.01, 0.3, 9.8)	(2,	3,	0,	0)	(1700356612.9121907)	(
(29)	(-0.01, 0.29, 9.44)	(-30.5, -85.0, 42.375)	(0.002181661564992912, 0.001090830782496456, 0.001090830782496456)	(359.9375, -0.0625, -1.75)	(0.9998779296875, 0.0155029296875, 0.000732421875, 0.0)	(0.0, -0.04, -0.36)	(-0.01, 0.3, 9.8)	(0,	3,	0,	0)	(1700356613.018761)	(
(29)	(-0.01, 0.27, 9.450000000000001)	(-30.0625, -84.5625, 42.0)	(-0.001090830782496456, -0.003272492347489368, 0.001090830782496456)	(359.9375, -0.0625, -1.75)	(0.9998779296875, 0.0155029296875, 0.000732421875, 0.0)	(0.0, 0.0, -0.34)	(-0.01, 0.3, 9.8)	(0,	3,	0,	0)	(1700356613.0776188)	(
(29)	(0.0, 0.29, 9.450000000000001)	(-30.0625, -85.75, 42.0)	(0.001090830782496456, -0.001090830782496456, 0.004363323129985824)	(359.9375, -0.0625, -1.75)	(0.9998779296875, 0.0155029296875, 0.000732421875, 0.0)	(0.0, -0.01, -0.34)	(-0.01, 0.3, 9.8)	(0,	3,	0,	0)	(1700356613.1507158)	(
(29)	(0.0, 0.29, 9.43)	(-30.5, -85.375, 43.1875)	(0.0, 0.001090830782496456, 0.0)	(359.9375, -0.0625, -1.75)	(0.9998779296875, 0.0155029296875, 0.000732421875, 0.0)	(0.0, -0.01, -0.35000000000000003)	(-0.01, 0.3, 9.8)	(0,	3,	0,	0)	(1700356613.210029)	(
(29)	(0.0, 0.31, 9.48)	(-29.75, -84.5625, 42.75)	(0.14180800172453928, 0.002181661564992912, -0.001090830782496456)	(359.9375, -0.0625, -1.75)	(0.9998779296875, 0.0155029296875, 0.000732421875, 0.0)	(-0.01, -0.02, -0.35000000000000003)	(-0.01, 0.3, 9.8)	(0,	3,	0,	0)	(1700356613.2697732)	(
(29)	(0.0, 0.28, 9.44)	(-30.5, -85.0, 40.75)	(-0.001090830782496456, 0.0, -0.001090830782496456)	(359.9375, -0.0625, -1.75)	(0.9998779296875, 0.0155029296875, 0.000732421875, 0.0)	(0.0, 0.0, -0.33)	(-0.01, 0.3, 9.8)	(0,	3,	0,	0)	(1700356613.327311)	(
(29)	(0.0, 0.3, 9.46)	(-29.75, -85.375, 42.375)	(-0.001090830782496456, 0.002181661564992912, 0.001090830782496456)	(359.9375, -0.0625, -1.75)	(0.9998779296875, 0.0155029296875, 0.000732421875, 0.0)	(0.0, -0.02, -0.34)	(-0.01, 0.3, 9.8)	(2,	3,	0,	0)	(1700356613.3602695)	(
(29)	(-0.02, 0.28, 9.450000000000001)	(-29.75, -85.75, 42.75)	(0.001090830782496456, -0.002181661564992912, -0.001090830782496456)	(359.9375, -0.0625, -1.75)	(0.9998779296875, 0.0155029296875, 0.000732421875, 0.0)	(0.01, 0.0, -0.33)	(-0.01, 0.3, 9.8)	(2,	3,	0,	0)	(1700356613.3990953)	(
(29)	(-0.01, 0.28, 9.46)	(-29.75, -85.75, 42.75)	(0.001090830782496456, 0.001090830782496456, 0.0)	(359.9375, -0.0625, -1.75)	(0.9998779296875, 0.0155029296875, 0.000732421875, 0.0)	(0.0, -0.01, -0.36)	(-0.01, 0.3, 9.8)	(0,	3,	0,	0)	(1700356613.4608977)	(
(29)	(0.0, 0.3, 9.48)	(-30.75, -85.375, 42.75)	(0.0, 0.001090830782496456, 0.001090830782496456)	(359.9375, -0.0625, -1.75)	(0.9998779296875, 0.0155029296875, 0.000732421875, 0.0)	(0.0, 0.0, -0.31)	(-0.01, 0.3, 9.8)	(0,	3,	0,	0)	(1700356613.5459843)	(
(29)	(0.0, 0.29, 9.46)	(-30.0625, -85.375, 42.0)	(0.001090830782496456, 0.0, 0.0)	(359.9375, -0.0625, -1.75)	(0.9998779296875, 0.0155029296875, 0.000732421875, 0.0)	(0.01, 0.0, -0.34)	(-0.01, 0.3, 9.8)	(0,	3,	0,	0)	(1700356613.6194973)	(
(29)	(-0.01, 0.29, 9.47)	(-30.75, -85.0, 41.5625)	(0.0, 0.002181661564992912, -0.002181661564992912)	(359.9375, -0.0625, -1.75)	(0.9998779296875, 0.0155029296875, 0.000732421875, 0.0)	(0.0, 0.0, -0.36)	(-0.01, 0.3, 9.8)	(0,	3,	0,	0)	(1700356613.6929805)	(
(29)	(-0.01, 0.29, 9.46)	(-29.75, -85.375, 42.375)	(0.0, -0.00545415391248228, 0.002181661564992912)	(359.9375, -0.0625, -1.75)	(0.9998779296875, 0.0155029296875, 0.000732421875, 0.0)	(0.0, 0.01, -0.35000000000000003)	(-0.01, 0.3, 9.8)	(0,	3,	0,	0)	(1700356613.7678847)	(
(29)	(-0.02, 0.3, 9.44)	(-30.5, -85.0, 42.0)	(0.0, -0.001090830782496456, 0.001090830782496456)	(359.9375, -0.0625, -1.75)	(0.9998779296875, 0.0155029296875, 0.000732421875, 0.0)	(0.0, 0.0, -0.34)	(-0.01, 0.3, 9.8)	(0,	3,	0,	0)	(1700356613.8438506)	(
(29)	(-0.01, 0.3, 9.46)	(-30.0625, -85.375, 42.75)	(-0.001090830782496456, 0.003272492347489368, 0.0)	(359.9375, -0.0625, -1.75)	(0.9998779296875, 0.0155029296875, 0.000732421875, 0.0)	(0.0, 0.0, -0.34)	(-0.01, 0.3, 9.8)	(0,	3,	0,	0)	(1700356613.9228482)	(
(29)	(0.0, 0.31, 9.46)	(-30.75, -85.75, 42.0)	(0.0, 0.002181661564992912, -0.002181661564992912)	(359.9375, -0.0625, -1.75)	(0.9998779296875, 0.0155029296875, 0.000732421875, 0.0)	(0.0, -0.01, -0.35000000000000003)	(-0.01, 0.3, 9.8)	(0,	3,	0,	0)	(1700356614.0113647)	(
(29)	(0.0, 0.3, 9.47)	(-31.1875, -85.0, 42.75)	(-0.001090830782496456, 0.001090830782496456, -0.002181661564992912)	(359.9375, -0.0625, -1.75)	(0.9998779296875, 0.0155029296875, 0.000732421875, 0.0)	(0.0, -0.02, -0.31)	(-0.01, 0.3, 9.8)	(0,	3,	0,	0)	(1700356614.076558)	(
(29)	(-0.01, 0.3, 9.44)	(-29.75, -85.375, 42.75)	(0.0, 0.001090830782496456, 0.001090830782496456)	(359.9375, -0.0625, -1.75)	(0.9998779296875, 0.0155029296875, 0.000732421875, 0.0)	(-0.01, 0.0, -0.35000000000000003)	(-0.01, 0.3, 9.8)	(0,	3,	0,	0)	(1700356614.151636)	(
(29)	(-0.02, 0.3, 9.450000000000001)	(-29.75, -85.0, 42.75)	(0.002181661564992912, -0.002181661564992912, 0.001090830782496456)	(359.9375, -0.0625, -1.75)	(0.9998779296875, 0.0155029296875, 0.000732421875, 0.0)	(0.0, 0.0, -0.32)	(-0.01, 0.3, 9.8)	(0,	3,	0,	0)	(1700356614.218878)	(
(29)	(0.0, 0.3, 9.47)	(-29.75, -85.75, 42.375)	(0.0, -0.003272492347489368, -0.001090830782496456)	(359.9375, -0.0625, -1.75)	(0.9998779296875, 0.0155029296875, 0.000732421875, 0.0)	(0.01, 0.0, -0.34)	(-0.01, 0.3, 9.8)	(0,	3,	0,	0)	(1700356614.2853582)	(
(29)	(-0.01, 0.28, 9.46)	(-29.75, -85.375, 42.375)	(-0.001090830782496456, 0.004363323129985824, -0.001090830782496456)	(359.9375, -0.0625, -1.75)	(0.9998779296875, 0.0155029296875, 0.000732421875, 0.0)	(0.0, -0.01, -0.36)	(-0.01, 0.3, 9.8)	(0,	3,	0,	0)	(1700356614.3599424)	(
(29)	(0.0, 0.28, 9.47)	(-30.0625, -85.75, 42.75)	(0.13962634015954636, 0.001090830782496456, 0.002181661564992912)	(359.9375, -0.0625, -1.75)	(0.9998779296875, 0.0155029296875, 0.000732421875, 0.0)	(0.0, 0.0, -0.36)	(-0.01, 0.3, 9.8)	(0,	3,	0,	0)	(1700356614.4337344)	(
(29)	(-0.02, 0.28, 9.41)	(-29.375, -85.375, 42.75)	(0.0, 0.0, 0.002181661564992912)	(359.9375, -0.0625, -1.75)	(0.9998779296875, 0.0155029296875, 0.000732421875, 0.0)	(0.01, 0.0, -0.32)	(-0.01, 0.3, 9.8)	(0,	3,	0,	0)	(1700356614.512481)	(
(29)	(0.0, 0.31, 9.450000000000001)	(-29.375, -85.75, 42.0)	(0.001090830782496456, 0.002181661564992912, 0.001090830782496456)	(359.9375, -0.0625, -1.75)	(0.9998779296875, 0.0155029296875, 0.000732421875, 0.0)	(-0.01, 0.0, -0.35000000000000003)	(-0.01, 0.3, 9.8)	(0,	3,	0,	0)	(1700356614.58373)	(
(29)	(0.0, 0.29, 9.450000000000001)	(-31.1875, -84.5625, 41.25)	(0.0, 0.001090830782496456, 0.001090830782496456)	(359.9375, -0.0625, -1.75)	(0.9998779296875, 0.0155029296875, 0.000732421875, 0.0)	(0.01, 0.0, -0.34)	(-0.01, 0.3, 9.8)	(0,	3,	0,	0)	(1700356614.6602516)	(
(29)	(0.0, 0.27, 9.47)	(-30.75, -85.375, 42.75)	(0.001090830782496456, -0.001090830782496456, 0.001090830782496456)	(359.9375, -0.0625, -1.75)	(0.9998779296875, 0.0155029296875, 0.000732421875, 0.0)	(0.0, 0.0, -0.33)	(-0.01, 0.3, 9.8)	(0,	3,	0,	0)	(1700356614.738306)	(
(29)	(0.01, 0.28, 9.46)	(-30.0625, -85.375, 43.1875)	(0.0, -0.001090830782496456, -0.002181661564992912)	(359.9375, -0.0625, -1.75)	(0.9998779296875, 0.0155029296875, 0.000732421875, 0.0)	(0.01, 0.04, -0.34)	(-0.01, 0.3, 9.8)	(0,	3,	0,	0)	(1700356614.8084338)	(
(29)	(0.01, 0.29, 9.42)	(-30.0625, -84.5625, 42.375)	(0.0, -0.002181661564992912, 0.0)	(359.9375, -0.0625, -1.75)	(0.9998779296875, 0.0155029296875, 0.000732421875, 0.0)	(0.02, -0.01, -0.35000000000000003)	(-0.01, 0.3, 9.8)	(0,	3,	0,	0)	(1700356614.8751464)	(
(29)	(0.0, 0.32, 9.46)	(-29.375, -85.375, 42.75)	(0.0, 0.002181661564992912, -0.001090830782496456)	(359.9375, -0.0625, -1.75)	(0.9998779296875, 0.0155029296875, 0.000732421875, 0.0)	(0.0, 0.0, -0.35000000000000003)	(-0.01, 0.3, 9.8)	(0,	3,	0,	0)	(1700356614.948319)	(
(29)	(1.28, 0.31, 9.47)	(-29.375, -85.0, 42.0)	(0.001090830782496456, 0.001090830782496456, -0.001090830782496456)	(359.9375, -0.0625, -1.75)	(0.9998779296875, 0.0155029296875, 0.000732421875, 0.0)	(0.0, 0.0, -0.34)	(-0.01, 0.3, 9.8)	(0,	3,	0,	0)	(1700356615.0257914)	(
(29)	(0.0, 0.28, 9.450000000000001)	(-31.1875, -85.375, 42.375)	(0.001090830782496456, 0.002181661564992912, 0.0)	(359.9375, -0.0625, -1.75)	(0.9998779296875, 0.0155029296875, 0.000732421875, 0.0)	(0.0, -0.01, -0.34)	(-0.01, 0.3, 9.8)	(0,	3,	0,	0)	(1700356615.1064336)	(
(29)	(-0.01, 0.27, 9.48)	(-30.75, -85.0, 42.375)	(-0.002181661564992912, -0.001090830782496456, 0.0)	(359.9375, -0.0625, -1.75)	(0.9998779296875, 0.0155029296875, 0.000732421875, 0.0)	(0.01, 0.0, -0.29)	(-0.01, 0.3, 9.8)	(0,	3,	0,	0)	(1700356615.1856458)	(
(29)	(0.0, 0.28, 9.450000000000001)	(-30.75, -85.375, 42.75)	(0.002181661564992912, 0.002181661564992912, 0.0)	(359.9375, -0.0625, -1.75)	(0.9998779296875, 0.0155029296875, 0.000732421875, 0.0)	(0.0, 0.01, -0.32)	(-0.01, 0.3, 9.8)	(0,	3,	0,	0)	(1700356615.2429724)	(
(29)	(0.0, 0.31, 9.46)	(-30.5, -85.0, 42.75)	(-0.002181661564992912, 0.003272492347489368, -0.001090830782496456)	(359.9375, -0.0625, -1.75)	(0.9998779296875, 0.0155029296875, 0.000732421875, 0.0)	(0.0, 0.0, -0.36)	(-0.01, 0.3, 9.8)	(0,	3,	0,	0)	(1700356615.3186557)	(
(29)	(-0.03, 0.27, 9.48)	(-30.0625, -85.375, 42.75)	(-0.002181661564992912, 0.0, -0.001090830782496456)	(359.9375, -0.0625, -1.75)	(0.9998779296875, 0.0155029296875, 0.000732421875, 0.0)	(0.0, 0.02, -0.31)	(-0.01, 0.3, 9.8)	(0,	3,	0,	0)	(1700356615.3849146)	(
(29)	(-0.01, 0.31, 9.44)	(-29.375, -85.0, 42.375)	(0.002181661564992912, -0.001090830782496456, -0.001090830782496456)	(367.9375, -0.0625, -1.75)	(0.9998779296875, 0.0155029296875, 0.000732421875, 0.0)	(0.01, 0.0, -0.34)	(-0.01, 0.3, 9.8)	(0,	3,	0,	0)	(1700356615.4586232)	(
(29)	(-0.01, 0.3, 9.46)	(-30.0625, -85.75, 42.0)	(-0.002181661564992912, 0.001090830782496456, -0.001090830782496456)	(359.9375, -0.0625, -1.75)	(0.9998779296875, 0.0155029296875, 0.000732421875, 0.0)	(0.02, -0.01, -0.36)	(-0.01, 0.3, 9.8)	(0,	3,	0,	0)	(1700356615.5234745)	(
(29)	(-0.03, 0.31, 9.450000000000001)	(-29.0, -85.375, 42.75)	(-0.003272492347489368, 0.002181661564992912, 0.001090830782496456)	(359.9375, -0.0625, -1.75)	(0.9998779296875, 0.0155029296875, 0.000732421875, 0.0)	(0.0, -0.03, -0.32)	(-0.01, 0.3, 9.8)	(0,	3,	0,	0)	(1700356615.5921743)	(
(29)	(1.28, 0.32, 9.46)	(-31.1875, -85.0, 41.5625)	(0.0, -0.003272492347489368, 0.0)	(359.9375, -0.0625, -1.75)	(0.9998779296875, 0.0155029296875, 0.000732421875, 0.0)	(1.28, 0.0, -0.33)	(-0.01, 0.3, 9.8)	(0,	3,	0,	0)	(1700356615.676349)	(
(29)	(-0.01, 0.28, 9.450000000000001)	(-31.1875, -85.375, 43.1875)	(0.0, -0.002181661564992912, -0.001090830782496456)	(359.9375, -0.0625, -1.75)	(0.9998779296875, 0.0155029296875, 0.000732421875, 0.0)	(0.0, 0.0, -0.34)	(-0.01, 0.3, 9.8)	(0,	3,	0,	0)	(1700356615.7447248)	(
(29)	(0.0, 0.3, 9.47)	(-30.75, -85.375, 42.375)	(-0.002181661564992912, 0.002181661564992912, -0.001090830782496456)	(359.9375, -0.0625, -1.75)	(0.9998779296875, 0.0155029296875, 0.000732421875, 0.0)	(-0.01, -0.03, -0.33)	(-0.01, 0.3, 9.8)	(0,	3,	0,	0)	(1700356615.8304968)	(
(29)	(-0.02, 0.28, 9.48)	(-30.5, -85.75, 42.375)	(0.13962634015954636, -0.002181661564992912, -0.003272492347489368)	(359.9375, -0.0625, -1.75)	(0.9998779296875, 0.0155029296875, 0.000732421875, 0.0)	(0.01, 0.0, -0.35000000000000003)	(-0.01, 0.3, 9.8)	(0,	3,	0,	0)	(1700356615.8976605)	(
(29)	(-0.01, 0.3, 9.48)	(-29.75, -85.75, 42.0)	(0.0, -0.001090830782496456, -0.001090830782496456)	(359.9375, -0.0625, -1.75)	(0.9998779296875, 0.0155029296875, 0.000732421875, 0.0)	(0.0, 0.0, -0.33)	(-0.01, 0.3, 9.8)	(0,	3,	0,	0)	(1700356615.9899614)	(
(29)	(0.0, 0.28, 9.49)	(-29.75, -86.375, 42.375)	(0.001090830782496456, -0.001090830782496456, 0.0)	(359.9375, -0.0625, -1.75)	(0.9998779296875, 0.0155029296875, 0.000732421875, 0.0)	(0.0, -0.02, -0.35000000000000003)	(-0.01, 0.3, 9.8)	(0,	3,	0,	0)	(1700356616.087375)	(
(29)	(0.0, 0.29, 9.46)	(-30.0625, -84.5625, 42.75)	(0.001090830782496456, 0.0, 0.001090830782496456)	(359.9375, -0.0625, -1.75)	(0.9998779296875, 0.0155029296875, 0.000732421875, 0.0)	(-0.02, 0.01, -0.36)	(-0.01, 0.3, 9.8)	(0,	3,	0,	0)	(1700356616.170148)	(
(29)	(-0.01, 0.29, 9.450000000000001)	(-30.0625, -85.375, 43.1875)	(-0.001090830782496456, 0.0, 0.0)	(359.9375, -0.0625, -1.75)	(0.9998779296875, 0.0155029296875, 0.000732421875, 0.0)	(0.01, -0.01, -0.33)	(-0.01, 0.3, 9.8)	(0,	3,	0,	0)	(1700356616.2423818)	(
(29)	(0.01, 0.26, 9.43)	(-31.1875, -85.0, 42.75)	(0.0, 0.001090830782496456, 0.001090830782496456)	(359.9375, -0.0625, -1.75)	(0.9998779296875, 0.0155029296875, 0.000732421875, 0.0)	(-0.01, 0.01, -0.36)	(-0.01, 0.3, 9.8)	(0,	3,	0,	0)	(1700356616.3300564)	(
(29)	(-0.01, 0.3, 9.46)	(-31.1875, -85.0, 41.5625)	(0.001090830782496456, 0.0, 0.001090830782496456)	(359.9375, -0.0625, -1.75)	(0.9998779296875, 0.0155029296875, 0.000732421875, 0.0)	(0.0, 0.0, -0.34)	(-0.01, 0.3, 9.8)	(0,	3,	0,	0)	(1700356616.3941963)	(
(29)	(0.0, 0.31, 9.42)	(-30.5, -85.0, 41.25)	(0.0, 0.0, -0.001090830782496456)	(359.9375, -0.0625, -1.75)	(0.9998779296875, 0.0155029296875, 0.000732421875, 0.0)	(0.0, 0.0, -0.34)	(-0.01, 0.3, 9.8)	(0,	3,	0,	0)	(1700356616.4681134)	(
(29)	(0.0, 0.27, 9.47)	(-30.5, -85.375, 42.375)	(-0.002181661564992912, -0.001090830782496456, 0.0)	(367.9375, -0.0625, -1.75)	(0.9998779296875, 0.0155029296875, 0.000732421875, 0.0)	(0.01, 0.0, -0.34)	(-0.01, 0.3, 9.8)	(0,	3,	0,	0)	(1700356616.5484939)	(
(29)	(-0.02, 0.29, 9.42)	(-30.5, -85.0, 42.0)	(0.001090830782496456, -0.001090830782496456, -0.001090830782496456)	(359.9375, -0.0625, -1.75)	(0.9998779296875, 0.0155029296875, 0.000732421875, 0.0)	(0.01, 0.0, -0.34)	(-0.01, 0.3, 9.8)	(0,	3,	0,	0)	(1700356616.608732)	(
(29)	(-0.01, 0.31, 9.44)	(-31.1875, -85.75, 41.25)	(-0.001090830782496456, 0.0, 0.0)	(359.9375, -0.0625, -1.75)	(0.9998779296875, 0.0155029296875, 0.000732421875, 0.0)	(0.0, 0.0, -0.35000000000000003)	(-0.01, 0.3, 9.8)	(0,	3,	0,	0)	(1700356616.6636817)	(
(29)	(0.0, 0.29, 9.46)	(-30.75, -85.0, 43.1875)	(0.0, -0.001090830782496456, 0.0)	(359.9375, -0.0625, -1.75)	(0.9998779296875, 0.0155029296875, 0.000732421875, 0.0)	(0.01, 0.02, -0.36)	(-0.01, 0.3, 9.8)	(0,	3,	0,	0)	(1700356616.7361128)	(
(29)	(-0.02, 0.27, 9.450000000000001)	(-29.75, -85.0, 41.5625)	(0.13962634015954636, 0.001090830782496456, 0.001090830782496456)	(359.9375, -0.0625, -1.75)	(0.9998779296875, 0.0155029296875, 0.000732421875, 0.0)	(0.0, 0.0, -0.34)	(-0.01, 0.3, 9.8)	(0,	3,	0,	0)	(1700356616.80286)	(
(29)	(0.0, 0.3, 9.47)	(-30.0625, -86.0625, 42.75)	(-0.001090830782496456, 0.001090830782496456, -0.002181661564992912)	(367.9375, -0.0625, -1.75)	(0.9998779296875, 0.0155029296875, 0.000732421875, 0.0)	(0.0, 0.0, -0.35000000000000003)	(-0.01, 0.3, 9.8)	(0,	3,	0,	0)	(1700356616.8616405)	(
(29)	(0.0, 0.3, 9.450000000000001)	(-30.0625, -85.375, 43.1875)	(0.001090830782496456, -0.001090830782496456, 0.0)	(359.9375, -0.0625, -1.75)	(0.9998779296875, 0.0155029296875, 0.000732421875, 0.0)	(0.01, 0.0, -0.34)	(-0.01, 0.3, 9.8)	(0,	3,	0,	0)	(1700356616.9266298)	(
(29)	(-0.01, 0.27, 9.48)	(-30.0625, -85.75, 42.75)	(0.0, 0.0, -0.002181661564992912)	(359.9375, -0.0625, -1.75)	(0.9998779296875, 0.0155029296875, 0.000732421875, 0.0)	(0.0, 0.0, -0.36)	(-0.01, 0.3, 9.8)	(0,	3,	0,	0)	(1700356616.9879358)	(
(29)	(0.0, 0.27, 9.43)	(-31.1875, -86.0625, 42.75)	(0.001090830782496456, 0.0, 0.002181661564992912)	(359.9375, -0.0625, -1.75)	(0.9998779296875, 0.0155029296875, 0.000732421875, 0.0)	(1.28, 0.0, -0.31)	(-0.01, 0.3, 9.8)	(0,	3,	0,	0)	(1700356617.0711756)	(
(29)	(0.0, 0.3, 9.46)	(-30.0625, -86.0625, 42.375)	(0.001090830782496456, -0.003272492347489368, 0.001090830782496456)	(359.9375, -0.0625, -1.75)	(0.9998779296875, 0.0155029296875, 0.000732421875, 0.0)	(0.01, 0.0, -0.34)	(-0.01, 0.3, 9.8)	(0,	3,	0,	0)	(1700356617.156547)	(
(29)	(0.0, 0.29, 9.450000000000001)	(-30.0625, -85.0, 42.375)	(0.001090830782496456, -0.001090830782496456, -0.002181661564992912)	(359.9375, -0.0625, -1.75)	(0.9998779296875, 0.0155029296875, 0.000732421875, 0.0)	(0.0, -0.02, -0.34)	(-0.01, 0.3, 9.8)	(0,	3,	0,	0)	(1700356617.2398098)	(
(29)	(0.0, 0.31, 9.450000000000001)	(-29.75, -85.375, 42.0)	(0.003272492347489368, -0.002181661564992912, -0.001090830782496456)	(359.9375, -0.0625, -1.75)	(0.9998779296875, 0.0155029296875, 0.000732421875, 0.0)	(0.0, 0.03, -0.34)	(-0.01, 0.3, 9.8)	(0,	3,	0,	0)	(1700356617.3057513)	(
(29)	(-0.01, 0.27, 9.43)	(-29.75, -85.75, 43.5625)	(0.0, -0.003272492347489368, 0.001090830782496456)	(359.9375, -0.0625, -1.75)	(0.9998779296875, 0.0155029296875, 0.000732421875, 0.0)	(0.01, 0.0, -0.34)	(-0.01, 0.3, 9.8)	(0,	3,	0,	0)	(1700356617.3848474)	(
(29)	(0.0, 0.3, 9.46)	(-30.0625, -85.75, 42.75)	(0.0, -0.001090830782496456, 0.002181661564992912)	(359.9375, -0.0625, -1.75)	(0.9998779296875, 0.0155029296875, 0.000732421875, 0.0)	(0.01, 0.0, -0.33)	(-0.01, 0.3, 9.8)	(0,	3,	0,	0)	(1700356617.4573278)	(
(29)	(0.0, 0.28, 9.44)	(-30.75, -85.75, 42.0)	(0.0, 0.001090830782496456, 0.002181661564992912)	(359.9375, -0.0625, -1.75)	(0.9998779296875, 0.0155029296875, 0.000732421875, 0.0)	(-0.01, -0.01, -0.34)	(-0.01, 0.3, 9.8)	(0,	3,	0,	0)	(1700356617.519065)	(
(29)	(-0.02, 0.3, 9.46)	(-30.0625, -85.0, 43.5625)	(-0.001090830782496456, 0.002181661564992912, 0.0)	(359.9375, -0.0625, -1.75)	(0.9998779296875, 0.0155029296875, 0.000732421875, 0.0)	(0.0, 0.0, -0.34)	(-0.01, 0.3, 9.8)	(0,	3,	0,	0)	(1700356617.6039696)	(
(29)	(-0.01, 0.3, 9.46)	(-30.5, -86.0625, 42.375)	(0.0, 0.0, 0.0)	(359.9375, -0.0625, -1.75)	(0.9998779296875, 0.0155029296875, 0.000732421875, 0.0)	(0.01, -0.01, -0.35000000000000003)	(-0.01, 0.3, 9.8)	(0,	3,	0,	0)	(1700356617.6814153)	(
(29)	(-0.03, 0.3, 9.450000000000001)	(-30.75, -85.75, 41.5625)	(-0.001090830782496456, 0.004363323129985824, 0.002181661564992912)	(359.9375, -0.0625, -1.75)	(0.9998779296875, 0.0155029296875, 0.000732421875, 0.0)	(0.0, 0.0, -0.34)	(-0.01, 0.3, 9.8)	(0,	3,	0,	0)	(1700356617.7625768)	(
(29)	(0.0, 0.28, 9.48)	(-30.75, -85.375, 42.375)	(-0.001090830782496456, 0.0, 0.001090830782496456)	(359.9375, -0.0625, -1.75)	(0.9998779296875, 0.0155029296875, 0.000732421875, 0.0)	(0.0, 0.0, -0.34)	(-0.01, 0.3, 9.8)	(0,	3,	0,	0)	(1700356617.8456361)	(
(29)	(-0.01, 0.29, 9.49)	(-29.75, -85.75, 42.375)	(0.001090830782496456, 0.001090830782496456, 0.0)	(359.9375, -0.0625, -1.75)	(0.9998779296875, 0.0155029296875, 0.000732421875, 0.0)	(0.0, 0.0, -0.35000000000000003)	(-0.01, 0.3, 9.8)	(0,	3,	0,	0)	(1700356617.91512)	(
(29)	(-0.02, 0.29, 9.43)	(-30.5, -86.375, 42.375)	(-0.001090830782496456, -0.001090830782496456, 0.0)	(359.9375, -0.0625, -1.75)	(0.9998779296875, 0.0155029296875, 0.000732421875, 0.0)	(0.01, 0.0, -0.35000000000000003)	(-0.01, 0.3, 9.8)	(0,	3,	0,	0)	(1700356617.9700286)	(
(29)	(-0.01, 0.3, 9.46)	(-29.375, -85.75, 43.1875)	(0.1407171709420428, -0.002181661564992912, 0.002181661564992912)	(367.9375, -0.0625, -1.75)	(0.9998779296875, 0.0155029296875, 0.000732421875, 0.0)	(0.0, 0.02, -0.34)	(-0.01, 0.3, 9.8)	(0,	3,	0,	0)	(1700356618.0257723)	(
(29)	(0.0, 0.32, 9.450000000000001)	(-31.1875, -85.0, 43.5625)	(0.0, 0.0, 0.0)	(359.9375, -0.0625, -1.75)	(0.9998779296875, 0.0155029296875, 0.000732421875, 0.0)	(0.0, 0.01, -0.35000000000000003)	(-0.01, 0.3, 9.8)	(0,	3,	0,	0)	(1700356618.0865085)	(
(29)	(0.0, 0.3, 9.46)	(-30.5, -86.0625, 42.375)	(0.001090830782496456, -0.003272492347489368, 0.0)	(359.9375, -0.0625, -1.75)	(0.9998779296875, 0.0155029296875, 0.000732421875, 0.0)	(0.01, -0.02, -0.34)	(-0.01, 0.3, 9.8)	(0,	3,	0,	0)	(1700356618.1454816)	(
(29)	(0.0, 0.3, 9.42)	(-29.75, -85.375, 42.75)	(0.001090830782496456, -0.002181661564992912, 0.0)	(359.9375, -0.0625, -1.75)	(0.9998779296875, 0.0155029296875, 0.000732421875, 0.0)	(0.0, 0.0, -0.37)	(-0.01, 0.3, 9.8)	(0,	3,	0,	0)	(1700356618.197669)	(
(29)	(-0.01, 0.28, 9.42)	(-31.1875, -86.0625, 42.0)	(-0.001090830782496456, 0.0, -0.001090830782496456)	(359.9375, -0.0625, -1.75)	(0.9998779296875, 0.0155029296875, 0.000732421875, 0.0)	(0.0, 0.01, -0.35000000000000003)	(-0.01, 0.3, 9.8)	(0,	3,	0,	0)	(1700356618.2597063)	(
(29)	(-0.02, 0.24, 9.47)	(-29.75, -85.75, 42.75)	(0.001090830782496456, 0.0, 0.002181661564992912)	(359.9375, -0.0625, -1.75)	(0.9998779296875, 0.0155029296875, 0.000732421875, 0.0)	(0.0, 0.0, -0.36)	(-0.01, 0.3, 9.8)	(0,	3,	0,	0)	(1700356618.3112414)	(
(29)	(-0.01, 0.3, 9.43)	(-29.75, -85.375, 42.75)	(0.001090830782496456, -0.002181661564992912, 0.0)	(359.9375, -0.0625, -1.75)	(0.9998779296875, 0.0155029296875, 0.000732421875, 0.0)	(0.0, -0.02, -0.31)	(-0.01, 0.3, 9.8)	(0,	3,	0,	0)	(1700356618.3710692)	(
(29)	(0.0, 0.28, 9.46)	(-29.375, -86.0625, 42.375)	(0.0, 0.0, -0.001090830782496456)	(359.9375, -0.0625, -1.75)	(0.9998779296875, 0.0155029296875, 0.000732421875, 0.0)	(0.0, 0.0, -0.35000000000000003)	(-0.01, 0.3, 9.8)	(0,	3,	0,	0)	(1700356618.4306412)	(
(29)	(0.0, 0.29, 9.48)	(-31.1875, -85.75, 43.1875)	(0.0, 0.003272492347489368, -0.002181661564992912)	(359.9375, -0.0625, -1.75)	(0.9998779296875, 0.0155029296875, 0.000732421875, 0.0)	(0.0, 0.0, -0.36)	(-0.01, 0.3, 9.8)	(0,	3,	0,	0)	(1700356618.482496)	(
(29)	(0.0, 0.3, 9.450000000000001)	(-23.5625, -84.5625, 42.0)	(0.001090830782496456, -0.003272492347489368, 0.001090830782496456)	(359.9375, -0.0625, -1.75)	(0.9998779296875, 0.0155029296875, 0.000732421875, 0.0)	(0.0, 0.02, -0.33)	(-0.01, 0.3, 9.8)	(0,	3,	0,	0)	(1700356618.5609133)	(
(29)	(0.0, 0.33, 9.43)	(-30.75, -85.0, 42.75)	(0.0, 0.001090830782496456, 0.0)	(359.9375, -0.0625, -1.75)	(0.9998779296875, 0.0155029296875, 0.000732421875, 0.0)	(0.0, 0.01, -0.34)	(-0.01, 0.3, 9.8)	(0,	3,	0,	0)	(1700356618.6200097)	(
(29)	(-0.02, 0.27, 9.450000000000001)	(-30.0625, -85.375, 44.0)	(0.0, -0.002181661564992912, 0.001090830782496456)	(359.9375, -0.0625, -1.75)	(0.9998779296875, 0.0155029296875, 0.000732421875, 0.0)	(0.01, -0.01, -0.37)	(-0.01, 0.3, -317.88)	(0,	3,	0,	0)	(1700356618.6809638)	(
(29)	(0.0, 0.33, 9.450000000000001)	(-29.75, -85.375, 43.1875)	(0.0, -0.001090830782496456, -0.002181661564992912)	(359.9375, -0.0625, -1.75)	(0.9998779296875, 0.0155029296875, 0.000732421875, 0.0)	(0.01, -0.02, -0.33)	(-0.01, 0.3, 9.8)	(0,	3,	0,	0)	(1700356618.7448158)	(
(29)	(-0.02, 0.29, 9.46)	(-30.75, -85.0, 42.75)	(0.001090830782496456, -0.002181661564992912, -0.001090830782496456)	(359.9375, -0.0625, -1.75)	(0.9998779296875, 0.0155029296875, 0.000732421875, 0.0)	(0.0, 0.0, -0.34)	(-0.01, 0.3, 9.8)	(0,	3,	0,	0)	(1700356618.804604)	(
(29)	(-0.01, 0.3, 9.44)	(-30.75, -85.75, 42.0)	(0.001090830782496456, 0.002181661564992912, -0.001090830782496456)	(359.9375, -0.0625, -1.75)	(0.9998779296875, 0.0155029296875, 0.000732421875, 0.0)	(0.01, 0.0, -0.34)	(-0.01, 0.3, 9.8)	(0,	3,	0,	0)	(1700356618.8603232)	(
(29)	(0.01, 0.31, 9.44)	(-29.75, -85.375, 42.75)	(-0.001090830782496456, 0.004363323129985824, 0.0)	(359.9375, -0.0625, -1.75)	(0.9998779296875, 0.0155029296875, 0.000732421875, 0.0)	(0.0, 0.0, -0.34)	(-0.01, 0.3, 9.8)	(0,	3,	0,	0)	(1700356618.91075)	(
(29)	(0.0, 0.31, 9.44)	(-22.5, -85.0, 42.75)	(-0.001090830782496456, 0.0, 0.0)	(359.9375, -0.0625, -1.75)	(0.9998779296875, 0.0155029296875, 0.000732421875, 0.0)	(0.0, 0.0, -0.35000000000000003)	(-0.01, 0.3, 9.8)	(0,	3,	0,	0)	(1700356618.965201)	(
(29)	(0.0, 0.32, 9.450000000000001)	(-30.5, -85.0, 43.1875)	(0.0, 0.0, -0.001090830782496456)	(359.9375, -0.0625, -1.75)	(0.9998779296875, 0.0155029296875, 0.000732421875, 0.0)	(0.01, -0.01, -0.35000000000000003)	(-0.01, 0.3, 9.8)	(0,	3,	0,	0)	(1700356619.0189283)	(
(29)	(-0.01, 0.29, 9.49)	(-30.0625, -84.5625, 42.0)	(-0.001090830782496456, 0.003272492347489368, 0.001090830782496456)	(359.9375, -0.0625, -1.75)	(0.9998779296875, 0.0155029296875, 0.000732421875, 0.0)	(0.0, 0.0, -0.32)	(-0.01, 0.3, 9.8)	(0,	3,	0,	0)	(1700356619.0682087)	(
(29)	(1.28, 0.29, 9.47)	(-21.75, -85.0, 42.375)	(0.0, 0.003272492347489368, 0.0)	(359.9375, -0.0625, -1.75)	(0.9998779296875, 0.0155029296875, 0.000732421875, 0.0)	(0.0, -0.01, -0.34)	(-0.01, 0.3, 9.8)	(0,	3,	0,	0)	(1700356619.1452293)	(
(29)	(0.0, 0.29, 9.48)	(-31.1875, -85.75, 42.375)	(-0.002181661564992912, 0.00545415391248228, 0.0)	(359.9375, -0.0625, -1.75)	(0.9998779296875, 0.0155029296875, 0.000732421875, 0.0)	(0.0, -0.03, -0.34)	(-0.01, 0.3, 9.8)	(0,	3,	0,	0)	(1700356619.203503)	(
(29)	(-0.01, 0.29, 9.450000000000001)	(-29.0, -85.75, 42.0)	(-0.001090830782496456, 0.002181661564992912, -0.002181661564992912)	(359.9375, -0.0625, -1.75)	(0.9998779296875, 0.0155029296875, 0.000732421875, 0.0)	(0.0, 0.0, -0.34)	(-0.01, 0.3, 9.8)	(0,	3,	0,	0)	(1700356619.265663)	(
(29)	(-0.02, 0.31, 9.46)	(-29.75, -85.75, 43.1875)	(0.001090830782496456, 0.0, 0.0)	(359.9375, -0.0625, -1.75)	(0.9998779296875, 0.0155029296875, 0.000732421875, 0.0)	(0.0, 0.02, -0.32)	(-0.01, 0.3, 9.8)	(0,	3,	0,	0)	(1700356619.3186142)	(
(29)	(0.0, 0.27, 9.47)	(-29.75, -85.0, 42.0)	(-0.001090830782496456, -0.001090830782496456, 0.002181661564992912)	(359.9375, -0.0625, -1.75)	(0.9998779296875, 0.0155029296875, 0.000732421875, 0.0)	(0.0, 0.0, -0.33)	(-0.01, 0.3, 9.8)	(0,	3,	0,	0)	(1700356619.3724258)	(
(29)	(0.0, 0.3, 9.46)	(-29.75, -85.75, 41.5625)	(-0.001090830782496456, -0.002181661564992912, -0.002181661564992912)	(359.9375, -0.0625, -1.75)	(0.9998779296875, 0.0155029296875, 0.000732421875, 0.0)	(0.0, -0.01, -0.37)	(-0.01, 0.3, 9.8)	(0,	3,	0,	0)	(1700356619.4369504)	(
(29)	(-0.02, 0.3, 9.450000000000001)	(-30.5, -86.0625, 42.375)	(-0.002181661564992912, 0.0, 0.002181661564992912)	(359.9375, -0.0625, -1.75)	(0.9998779296875, 0.0155029296875, 0.000732421875, 0.0)	(0.01, 0.01, -0.34)	(-0.01, 0.3, 9.8)	(0,	3,	0,	0)	(1700356619.495625)	(
(29)	(0.0, 0.31, 9.44)	(-30.75, -85.75, 42.0)	(0.1407171709420428, 0.001090830782496456, -0.003272492347489368)	(359.9375, -0.0625, -1.75)	(0.9998779296875, 0.0155029296875, 0.000732421875, 0.0)	(0.0, -0.02, -0.34)	(-0.01, 0.3, 9.8)	(0,	3,	0,	0)	(1700356619.5504432)	(
(29)	(-0.02, 0.32, 9.41)	(-30.0625, -85.75, 43.1875)	(0.0, 0.0, -0.003272492347489368)	(359.9375, -0.0625, -1.75)	(0.9998779296875, 0.0155029296875, 0.000732421875, 0.0)	(0.0, 0.0, -0.35000000000000003)	(-0.01, 0.3, 9.8)	(0,	3,	0,	0)	(1700356619.619115)	(
(29)	(0.0, 0.3, 9.44)	(-30.5, -85.75, 42.375)	(0.002181661564992912, 0.0, 0.001090830782496456)	(359.9375, -0.0625, -1.75)	(0.9998779296875, 0.0155029296875, 0.000732421875, 0.0)	(0.02, -0.01, -0.33)	(-0.01, 0.3, 9.8)	(0,	3,	0,	0)	(1700356619.674357)	(
(29)	(0.0, 0.3, 9.44)	(-30.0625, -86.0625, 41.5625)	(0.001090830782496456, -0.00545415391248228, 0.0)	(359.9375, -0.0625, -1.75)	(0.9998779296875, 0.0155029296875, 0.000732421875, 0.0)	(-0.03, 0.0, -0.32)	(-0.01, 0.3, 9.8)	(0,	3,	0,	0)	(1700356619.7352982)	(
(29)	(-0.01, 0.3, 9.450000000000001)	(-29.75, -85.75, 42.375)	(-0.001090830782496456, -0.001090830782496456, 0.001090830782496456)	(359.9375, -0.0625, -1.75)	(0.9998779296875, 0.0155029296875, 0.000732421875, 0.0)	(0.0, 0.01, -0.35000000000000003)	(-0.01, 0.3, 9.8)	(0,	3,	0,	0)	(1700356619.7970672)	(
(29)	(-0.02, 0.31, 9.43)	(-29.75, -85.375, 42.0)	(0.001090830782496456, 0.001090830782496456, -0.001090830782496456)	(359.9375, -0.0625, -1.75)	(0.9998779296875, 0.0155029296875, 0.000732421875, 0.0)	(0.0, 0.0, -0.34)	(-0.01, 0.3, 9.8)	(0,	3,	0,	0)	(1700356619.8502877)	(
(29)	(0.0, 0.3, 9.43)	(-29.75, -86.0625, 43.1875)	(0.0, -0.001090830782496456, -0.001090830782496456)	(359.9375, -0.0625, -1.75)	(0.9998779296875, 0.0155029296875, 0.000732421875, 0.0)	(0.0, 0.0, -0.35000000000000003)	(-0.01, 0.3, 9.8)	(0,	3,	0,	0)	(1700356619.9039001)	(
(29)	(0.0, 0.3, 9.43)	(-29.75, -85.375, 41.5625)	(-0.001090830782496456, 0.003272492347489368, 0.001090830782496456)	(359.9375, -0.0625, -1.75)	(0.9998779296875, 0.0155029296875, 0.000732421875, 0.0)	(0.01, -0.03, -0.32)	(-0.01, 0.3, 9.8)	(0,	3,	0,	0)	(1700356619.954629)	(
(29)	(0.0, 0.3, 9.46)	(-30.75, -85.375, 42.0)	(0.13962634015954636, 0.001090830782496456, -0.001090830782496456)	(359.9375, -0.0625, -1.75)	(0.9998779296875, 0.0155029296875, 0.000732421875, 0.0)	(0.0, -0.02, -0.34)	(-0.01, 0.3, 9.8)	(0,	3,	0,	0)	(1700356620.0103986)	(
(29)	(-0.02, 0.3, 9.44)	(-29.375, -85.75, 42.375)	(-0.001090830782496456, 0.0, 0.001090830782496456)	(359.9375, -0.0625, -1.75)	(0.9998779296875, 0.0155029296875, 0.000732421875, 0.0)	(0.0, 0.01, -0.32)	(-0.01, 0.3, 9.8)	(0,	3,	0,	0)	(1700356620.06976)	(
(29)	(0.0, 0.32, 9.48)	(-30.5, -85.75, 42.0)	(-0.001090830782496456, -0.002181661564992912, 0.0)	(359.9375, -0.0625, -1.75)	(0.9998779296875, 0.0155029296875, 0.000732421875, 0.0)	(0.01, 0.0, -0.34)	(-0.01, 0.3, 9.8)	(0,	3,	0,	0)	(1700356620.1214833)	(
(29)	(0.0, 0.3, 9.450000000000001)	(-29.375, -85.375, 41.5625)	(-0.001090830782496456, 0.001090830782496456, -0.002181661564992912)	(359.9375, -0.0625, -1.75)	(0.9998779296875, 0.0155029296875, 0.000732421875, 0.0)	(0.0, -0.03, -0.37)	(-0.01, 0.3, 9.8)	(0,	3,	0,	0)	(1700356620.1879783)	(
(29)	(-0.02, 0.29, 9.450000000000001)	(-30.5, -85.375, 43.1875)	(0.0, -0.002181661564992912, 0.0)	(359.9375, -0.0625, -1.75)	(0.9998779296875, 0.0155029296875, 0.000732421875, 0.0)	(0.0, 0.01, -0.36)	(-0.01, 0.3, 9.8)	(0,	3,	0,	0)	(1700356620.2385967)	(
(29)	(0.0, 0.31, 9.47)	(-30.5, -85.75, 42.75)	(0.001090830782496456, -0.001090830782496456, 0.001090830782496456)	(359.9375, -0.0625, -1.75)	(0.9998779296875, 0.0155029296875, 0.000732421875, 0.0)	(0.0, -0.02, -0.33)	(-0.01, 0.3, 9.8)	(0,	3,	0,	0)	(1700356620.299959)	(
(29)	(-0.02, 0.27, 9.44)	(-30.0625, -85.75, 42.0)	(-0.001090830782496456, 0.001090830782496456, 0.001090830782496456)	(359.9375, -0.0625, -1.75)	(0.9998779296875, 0.0155029296875, 0.000732421875, 0.0)	(0.0, -0.01, -0.35000000000000003)	(-0.01, 0.3, 9.8)	(0,	3,	0,	0)	(1700356620.3545086)	(
(29)	(-0.01, 0.3, 9.43)	(-30.5, -85.75, 42.0)	(0.0, -0.002181661564992912, 0.0)	(359.9375, -0.0625, -1.75)	(0.9998779296875, 0.0155029296875, 0.000732421875, 0.0)	(-0.02, -0.02, -0.33)	(-0.01, 0.3, 9.8)	(0,	3,	0,	0)	(1700356620.41643)	(
(29)	(0.0, 0.29, 9.44)	(-30.0625, -85.0, 42.375)	(0.001090830782496456, -0.002181661564992912, 0.0)	(359.9375, -0.0625, -1.75)	(0.9998779296875, 0.0155029296875, 0.000732421875, 0.0)	(0.0, 0.0, -0.33)	(-0.01, 0.3, 9.8)	(0,	3,	0,	0)	(1700356620.4728248)	(
(29)	(-0.02, 0.29, 9.46)	(-31.1875, -85.75, 42.0)	(-0.001090830782496456, 0.0, 0.0)	(359.9375, -0.0625, -1.75)	(0.9998779296875, 0.0155029296875, 0.000732421875, 0.0)	(-0.01, 0.0, -0.31)	(-0.01, 0.3, 9.8)	(0,	3,	0,	0)	(1700356620.5266058)	(
(29)	(-0.02, 0.3, 9.42)	(-30.0625, -84.5625, 42.0)	(0.002181661564992912, -0.002181661564992912, -0.001090830782496456)	(359.9375, -0.0625, -1.75)	(0.9998779296875, 0.0155029296875, 0.000732421875, 0.0)	(0.0, 0.0, -0.36)	(-0.01, 0.3, 9.8)	(0,	3,	0,	0)	(1700356620.5799015)	(
(29)	(-0.01, 0.28, 9.44)	(-30.75, -86.375, 41.25)	(0.0, 0.001090830782496456, 0.0)	(359.9375, -0.0625, -1.75)	(0.9998779296875, 0.0155029296875, 0.000732421875, 0.0)	(0.0, -0.01, -0.33)	(-0.01, 0.3, 9.8)	(0,	3,	0,	0)	(1700356620.6305869)	(
(29)	(-0.01, 0.29, 9.46)	(-29.75, -84.5625, 42.0)	(0.001090830782496456, 0.001090830782496456, -0.001090830782496456)	(359.9375, -0.0625, -1.75)	(0.9998779296875, 0.0155029296875, 0.000732421875, 0.0)	(0.01, 0.02, -0.32)	(-0.01, 0.3, 9.8)	(0,	3,	0,	0)	(1700356620.6858654)	(
(29)	(0.0, 0.29, 9.44)	(-30.5, -85.0, 42.75)	(0.001090830782496456, 0.0, -0.003272492347489368)	(359.9375, -0.0625, -1.75)	(0.9998779296875, 0.0155029296875, 0.000732421875, 0.0)	(1.28, 0.0, -0.34)	(-0.01, 0.3, 9.8)	(0,	3,	0,	0)	(1700356620.7369664)	(
(29)	(0.0, 0.29, 9.46)	(-31.5625, -86.0625, 42.75)	(0.0, 0.002181661564992912, -0.002181661564992912)	(359.9375, -0.0625, -1.75)	(0.9998779296875, 0.0155029296875, 0.000732421875, 0.0)	(0.0, 0.0, -0.34)	(-0.01, 0.3, 9.8)	(0,	3,	0,	0)	(1700356620.797597)	(
(29)	(-0.01, 0.29, 9.450000000000001)	(-30.5, -85.375, 42.75)	(0.0, 0.001090830782496456, 0.002181661564992912)	(359.9375, -0.0625, -1.75)	(0.9998779296875, 0.0155029296875, 0.000732421875, 0.0)	(0.0, 0.0, -0.33)	(-0.01, 0.3, 9.8)	(0,	3,	0,	0)	(1700356620.8521628)	(
(29)	(0.01, 0.32, 9.44)	(-31.1875, -84.25, 42.375)	(0.0, 0.0, -0.003272492347489368)	(359.9375, -0.0625, -1.75)	(0.9998779296875, 0.0155029296875, 0.000732421875, 0.0)	(0.03, -0.02, -0.32)	(-0.01, 0.3, 9.8)	(0,	3,	0,	0)	(1700356620.9108605)	(
(29)	(0.0, 0.28, 9.450000000000001)	(-29.75, -85.75, 42.0)	(0.001090830782496456, -0.003272492347489368, 0.0)	(359.9375, -0.0625, -1.75)	(0.9998779296875, 0.0155029296875, 0.000732421875, 0.0)	(0.0, -0.01, -0.35000000000000003)	(-0.01, 0.3, 9.8)	(0,	3,	0,	0)	(1700356620.9673033)	(
(29)	(-0.02, 0.31, 9.42)	(-30.0625, -85.375, 42.375)	(-0.001090830782496456, -0.001090830782496456, 0.001090830782496456)	(359.9375, -0.0625, -1.75)	(0.9998779296875, 0.0155029296875, 0.000732421875, 0.0)	(0.0, 0.01, -0.35000000000000003)	(-0.01, 0.3, 9.8)	(0,	3,	0,	0)	(1700356621.0226157)	(
(29)	(-0.01, 0.3, 9.44)	(-30.5, -84.5625, 42.0)	(-0.001090830782496456, -0.002181661564992912, 0.002181661564992912)	(359.9375, -0.0625, -1.75)	(0.9998779296875, 0.0155029296875, 0.000732421875, 0.0)	(0.0, 0.0, -0.35000000000000003)	(-0.01, 0.3, 9.8)	(0,	3,	0,	0)	(1700356621.0819879)	(
(29)	(-0.01, 0.29, 9.44)	(-30.75, -85.75, 42.75)	(0.001090830782496456, 0.0, 0.003272492347489368)	(359.9375, -0.0625, -1.75)	(0.9998779296875, 0.0155029296875, 0.000732421875, 0.0)	(0.0, 0.0, -0.34)	(-0.01, 0.3, 9.8)	(0,	3,	0,	0)	(1700356621.1366506)	(
(29)	(0.0, 0.32, 9.46)	(-30.5, -85.0, 42.0)	(0.002181661564992912, -0.001090830782496456, 0.0)	(359.9375, -0.0625, -1.75)	(0.9998779296875, 0.0155029296875, 0.000732421875, 0.0)	(0.0, 0.0, -0.35000000000000003)	(-0.01, 0.3, 9.8)	(0,	3,	0,	0)	(1700356621.1934206)	(
(29)	(-0.01, 0.3, 9.450000000000001)	(-30.75, -85.0, 42.375)	(0.0, -0.002181661564992912, 0.001090830782496456)	(359.9375, -0.0625, -1.75)	(0.9998779296875, 0.0155029296875, 0.000732421875, 0.0)	(0.0, 0.01, -0.38)	(-0.01, 0.3, 9.8)	(0,	3,	0,	0)	(1700356621.2457917)	(
(29)	(-0.01, 0.3, 9.46)	(-30.5, -85.0, 42.0)	(-0.001090830782496456, -0.001090830782496456, 0.002181661564992912)	(359.9375, -0.0625, -1.75)	(0.9998779296875, 0.0155029296875, 0.000732421875, 0.0)	(0.0, -0.02, -0.34)	(-0.01, 0.3, 9.8)	(0,	3,	0,	0)	(1700356621.3006952)	(
(29)	(-0.01, 0.29, 9.46)	(-29.75, -85.75, 42.375)	(0.001090830782496456, 0.002181661564992912, -0.001090830782496456)	(359.9375, -0.0625, -1.75)	(0.9998779296875, 0.0155029296875, 0.000732421875, 0.0)	(0.0, 0.01, -0.36)	(-0.01, 0.3, 9.8)	(0,	3,	0,	0)	(1700356621.3546069)	(
(29)	(-0.01, 0.27, 9.46)	(-30.5, -84.5625, 42.0)	(-0.001090830782496456, 0.002181661564992912, 0.002181661564992912)	(359.9375, -0.0625, -1.75)	(0.9998779296875, 0.0155029296875, 0.000732421875, 0.0)	(0.01, -0.02, -0.34)	(-0.01, 0.3, 9.8)	(0,	3,	0,	0)	(1700356621.4065511)	(
(29)	(-0.01, 0.33, 9.43)	(-30.5, -85.375, 42.0)	(0.0, 0.003272492347489368, -0.001090830782496456)	(359.9375, -0.0625, -1.75)	(0.9998779296875, 0.0155029296875, 0.000732421875, 0.0)	(0.0, -0.01, -0.33)	(-0.01, 0.3, 9.8)	(0,	3,	0,	0)	(1700356621.4737895)	(
(29)	(-0.03, 0.28, 9.43)	(-29.0, -85.0, 41.25)	(-0.001090830782496456, -0.003272492347489368, -0.001090830782496456)	(359.9375, -0.0625, -1.75)	(0.9998779296875, 0.0155029296875, 0.000732421875, 0.0)	(0.0, -0.01, -0.36)	(-0.01, 0.3, 9.8)	(0,	3,	0,	0)	(1700356621.5242474)	(
(29)	(-0.01, 0.27, 9.44)	(-30.0625, -86.0625, 42.75)	(0.0, 0.002181661564992912, 0.0)	(359.9375, -0.0625, -1.75)	(0.9998779296875, 0.0155029296875, 0.000732421875, 0.0)	(0.0, 0.0, -0.35000000000000003)	(-0.01, 0.3, 9.8)	(0,	3,	0,	0)	(1700356621.590306)	(
(29)	(-0.02, 0.31, 9.46)	(-22.0625, -85.0, 42.0)	(-0.001090830782496456, 0.00545415391248228, 0.0)	(359.9375, -0.0625, -1.75)	(0.9998779296875, 0.0155029296875, 0.000732421875, 0.0)	(0.0, 0.0, -0.34)	(-0.01, 0.3, 9.8)	(0,	3,	0,	0)	(1700356621.644229)	(
(29)	(0.0, 0.29, 9.47)	(-30.0625, -85.375, 41.5625)	(-0.001090830782496456, -0.001090830782496456, -0.001090830782496456)	(359.9375, -0.0625, -1.75)	(0.9998779296875, 0.0155029296875, 0.000732421875, 0.0)	(0.0, 0.01, -0.35000000000000003)	(-0.01, 0.3, 9.8)	(0,	3,	0,	0)	(1700356621.698795)	(
(29)	(-0.02, 0.29, 9.42)	(-30.5, -85.0, 43.1875)	(0.002181661564992912, -0.001090830782496456, -0.002181661564992912)	(359.9375, -0.0625, -1.75)	(0.9998779296875, 0.0155029296875, 0.000732421875, 0.0)	(0.0, -0.01, -0.33)	(-0.01, 0.3, 9.8)	(0,	3,	0,	0)	(1700356621.7520893)	(
(29)	(-0.01, 0.31, 9.48)	(-31.1875, -84.5625, 42.75)	(-0.001090830782496456, 0.0, 0.001090830782496456)	(359.9375, -0.0625, -1.75)	(0.9998779296875, 0.0155029296875, 0.000732421875, 0.0)	(0.0, -0.01, -0.35000000000000003)	(-0.01, 0.3, 9.8)	(0,	3,	0,	0)	(1700356621.806082)	(
(29)	(-0.01, 0.3, 9.47)	(-30.0625, -85.375, 42.75)	(0.0, -0.002181661564992912, 0.0)	(359.9375, -0.0625, -1.75)	(0.9998779296875, 0.0155029296875, 0.000732421875, 0.0)	(0.01, 0.0, -0.34)	(-0.01, 0.3, 9.8)	(0,	3,	0,	0)	(1700356621.868961)	(
(29)	(-0.02, 0.3, 9.44)	(-29.75, -85.375, 41.25)	(0.0, 0.0, 0.0)	(359.9375, -0.0625, -1.75)	(0.9998779296875, 0.0155029296875, 0.000732421875, 0.0)	(0.01, 0.0, -0.28)	(-0.01, 0.3, 9.8)	(0,	3,	0,	0)	(1700356621.9384224)	(
(29)	(0.0, 0.32, 9.47)	(-30.0625, -85.75, 42.375)	(-0.001090830782496456, 0.0, -0.002181661564992912)	(359.9375, -0.0625, -1.75)	(0.9998779296875, 0.0155029296875, 0.000732421875, 0.0)	(0.02, -0.02, -0.34)	(-0.01, 0.3, 9.8)	(0,	3,	0,	0)	(1700356621.997083)	(
(29)	(-0.01, 0.28, 9.47)	(-29.375, -85.0, 42.75)	(-0.001090830782496456, 0.003272492347489368, -0.002181661564992912)	(359.9375, -0.0625, -1.75)	(0.9998779296875, 0.0155029296875, 0.000732421875, 0.0)	(-0.01, -0.01, -0.37)	(-0.01, 0.3, 9.8)	(0,	3,	0,	0)	(1700356622.0500565)	(
(29)	(0.0, 0.28, 9.450000000000001)	(-30.75, -84.5625, 42.0)	(0.0, -0.001090830782496456, -0.001090830782496456)	(359.9375, -0.0625, -1.75)	(0.9998779296875, 0.0155029296875, 0.000732421875, 0.0)	(0.0, 0.0, -0.35000000000000003)	(-0.01, 0.3, 9.8)	(0,	3,	0,	0)	(1700356622.1052163)	(
(29)	(0.0, 0.28, 9.41)	(-30.75, -85.0, 42.75)	(-0.001090830782496456, 0.0, 0.0)	(359.9375, -0.0625, -1.75)	(0.9998779296875, 0.0155029296875, 0.000732421875, 0.0)	(0.0, 0.0, -0.35000000000000003)	(-0.01, 0.3, 9.8)	(0,	3,	0,	0)	(1700356622.1575284)	(
(29)	(-0.01, 0.28, 9.46)	(-31.1875, -86.0625, 42.0)	(0.0, -0.001090830782496456, 0.0)	(359.9375, -0.0625, -1.75)	(0.9998779296875, 0.0155029296875, 0.000732421875, 0.0)	(0.0, -0.01, -0.33)	(-0.01, 0.3, 9.8)	(0,	3,	0,	0)	(1700356622.212702)	(
(29)	(0.0, 0.31, 9.44)	(-30.0625, -86.0625, 42.375)	(0.001090830782496456, -0.001090830782496456, -0.001090830782496456)	(359.9375, -0.0625, -1.75)	(0.9998779296875, 0.0155029296875, 0.000732421875, 0.0)	(0.0, 0.0, -0.34)	(-0.01, 0.3, 9.8)	(0,	3,	0,	0)	(1700356622.2621377)	(
(29)	(0.0, 0.31, 9.46)	(-29.375, -85.0, 42.75)	(0.0, 0.001090830782496456, -0.002181661564992912)	(359.9375, -0.0625, -1.75)	(0.9998779296875, 0.0155029296875, 0.000732421875, 0.0)	(0.01, 0.0, -0.33)	(-0.01, 0.3, 9.8)	(0,	3,	0,	0)	(1700356622.3169723)	(
(29)	(-0.01, 0.26, 9.46)	(-30.5, -85.375, 41.25)	(0.001090830782496456, -0.003272492347489368, -0.001090830782496456)	(359.9375, -0.0625, -1.75)	(0.9998779296875, 0.0155029296875, 0.000732421875, 0.0)	(-0.01, -0.01, -0.34)	(-0.01, 0.3, 9.8)	(0,	3,	0,	0)	(1700356622.3671827)	(
(29)	(-0.02, 0.29, 9.44)	(-29.75, -86.375, 42.0)	(0.0, -0.001090830782496456, -0.001090830782496456)	(359.9375, -0.0625, -1.75)	(0.9998779296875, 0.0155029296875, 0.000732421875, 0.0)	(0.01, 0.0, -0.35000000000000003)	(-0.01, 0.3, 9.8)	(0,	3,	0,	0)	(1700356622.4235697)	(
(29)	(0.0, 0.3, 9.43)	(-29.0, -85.375, 43.1875)	(0.0, -0.002181661564992912, -0.001090830782496456)	(359.9375, -0.0625, -1.75)	(0.9998779296875, 0.0155029296875, 0.000732421875, 0.0)	(0.02, -0.01, -0.3)	(-0.01, 0.3, 9.8)	(0,	3,	0,	0)	(1700356622.4735022)	(
(29)	(-0.01, 0.29, 9.41)	(-30.5, -86.0625, 42.375)	(0.001090830782496456, -0.001090830782496456, 0.001090830782496456)	(359.9375, -0.0625, -1.75)	(0.9998779296875, 0.0155029296875, 0.000732421875, 0.0)	(0.0, 0.0, -0.36)	(-0.01, 0.3, 9.8)	(0,	3,	0,	0)	(1700356622.5275466)	(
(29)	(-0.01, 0.29, 9.44)	(-30.0625, -85.75, 42.75)	(-0.001090830782496456, -0.001090830782496456, 0.0)	(359.9375, -0.0625, -1.75)	(0.9998779296875, 0.0155029296875, 0.000732421875, 0.0)	(0.0, 0.0, -0.31)	(-0.01, 0.3, 9.8)	(0,	3,	0,	0)	(1700356622.577183)	(
(29)	(0.0, 0.29, 9.44)	(-30.75, -85.75, 42.375)	(-0.001090830782496456, 0.002181661564992912, 0.001090830782496456)	(359.9375, -0.0625, -1.75)	(0.9998779296875, 0.0155029296875, 0.000732421875, 0.0)	(0.01, 0.0, -0.32)	(-0.01, 0.3, 9.8)	(0,	3,	0,	0)	(1700356622.6304255)	(
(29)	(0.0, 0.29, 9.43)	(-30.0625, -86.0625, 41.25)	(0.0, 0.001090830782496456, 0.0)	(359.9375, -0.0625, -1.75)	(0.9998779296875, 0.0155029296875, 0.000732421875, 0.0)	(0.01, -0.02, -0.32)	(-0.01, 0.3, 9.8)	(0,	3,	0,	0)	(1700356622.678877)	(
(29)	(-0.02, 0.28, 9.48)	(-29.75, -86.0625, 42.75)	(0.001090830782496456, 0.001090830782496456, 0.001090830782496456)	(359.9375, -0.0625, -1.75)	(0.9998779296875, 0.0155029296875, 0.000732421875, 0.0)	(0.0, 0.03, -0.36)	(-0.01, 0.3, 9.8)	(0,	3,	0,	0)	(1700356622.7312613)	(
(29)	(0.0, 0.31, 9.4)	(-29.375, -85.75, 42.75)	(0.002181661564992912, 0.0, 0.001090830782496456)	(359.9375, -0.0625, -1.75)	(0.9998779296875, 0.0155029296875, 0.000732421875, 0.0)	(0.01, -0.02, -0.37)	(-0.01, 0.3, 9.8)	(0,	3,	0,	0)	(1700356622.7800276)	(
(29)	(0.0, 0.3, 9.450000000000001)	(-30.0625, -85.75, 41.5625)	(-0.001090830782496456, -0.001090830782496456, -0.001090830782496456)	(359.9375, -0.0625, -1.75)	(0.9998779296875, 0.0155029296875, 0.000732421875, 0.0)	(1.28, 0.0, -0.34)	(-0.01, 0.3, 9.8)	(0,	3,	0,	0)	(1700356622.833169)	(
(29)	(0.0, 0.32, 9.47)	(-30.75, -85.375, 43.5625)	(0.001090830782496456, -0.001090830782496456, 0.002181661564992912)	(359.9375, -0.0625, -1.75)	(0.9998779296875, 0.0155029296875, 0.000732421875, 0.0)	(0.02, 0.01, -0.34)	(-0.01, 0.3, 9.8)	(0,	3,	0,	0)	(1700356622.8858693)	(
(29)	(0.0, 0.31, 9.450000000000001)	(-29.75, -85.375, 42.0625)	(-0.002181661564992912, 0.003272492347489368, 0.001090830782496456)	(359.9375, -0.0625, -1.75)	(0.9998779296875, 0.0155029296875, 0.000732421875, 0.0)	(0.01, -0.01, -0.32)	(-0.01, 0.3, 9.8)	(0,	3,	0,	0)	(1700356622.936862)	(
(29)	(0.0, 0.28, 9.46)	(-30.5, -85.375, 42.75)	(-0.002181661564992912, -0.001090830782496456, 0.002181661564992912)	(359.9375, -0.0625, -1.75)	(0.9998779296875, 0.0155029296875, 0.000732421875, 0.0)	(-0.01, -0.01, -0.32)	(-0.01, 0.3, 9.8)	(0,	3,	0,	0)	(1700356622.987082)	(
(29)	(-0.02, 0.3, 9.43)	(-30.75, -85.375, 42.375)	(0.0, 0.0, 0.003272492347489368)	(359.9375, -0.0625, -1.75)	(0.9998779296875, 0.0155029296875, 0.000732421875, 0.0)	(0.0, 0.0, -0.35000000000000003)	(-0.01, 0.3, 9.8)	(0,	3,	0,	0)	(1700356623.0398166)	(
(29)	(0.0, 0.28, 9.44)	(-29.75, -85.75, 42.75)	(-0.001090830782496456, 0.0, 0.0)	(359.9375, -0.0625, -1.75)	(0.9998779296875, 0.0155029296875, 0.000732421875, 0.0)	(0.0, -0.02, -0.37)	(-0.01, 0.3, 9.8)	(0,	3,	0,	0)	(1700356623.0888457)	(
(29)	(-0.01, 0.3, 9.43)	(-30.75, -84.5625, 42.0)	(0.1407171709420428, 0.003272492347489368, -0.001090830782496456)	(359.9375, -0.0625, -1.75)	(0.9998779296875, 0.0155029296875, 0.000732421875, 0.0)	(0.0, 0.0, -0.35000000000000003)	(-0.01, 0.3, 9.8)	(0,	3,	0,	0)	(1700356623.142431)	(
(29)	(0.0, 0.32, 9.49)	(-30.0625, -85.75, 43.5625)	(-0.003272492347489368, 0.0, 0.002181661564992912)	(359.9375, -0.0625, -1.75)	(0.9998779296875, 0.0155029296875, 0.000732421875, 0.0)	(0.0, -0.01, -0.34)	(-0.01, 0.3, 9.8)	(0,	3,	0,	0)	(1700356623.2226114)	(
(29)	(0.0, 0.3, 9.450000000000001)	(-31.1875, -85.75, 43.1875)	(0.0, 0.001090830782496456, 0.0)	(359.9375, -0.0625, -1.75)	(0.9998779296875, 0.0155029296875, 0.000732421875, 0.0)	(-0.01, -0.01, -0.33)	(-0.01, 0.3, 9.8)	(0,	3,	0,	0)	(1700356623.2900908)	(
(29)	(-0.01, 0.3, 9.46)	(-30.5, -85.0, 42.0)	(-0.001090830782496456, 0.001090830782496456, 0.003272492347489368)	(359.9375, -0.0625, -1.75)	(0.9998779296875, 0.0155029296875, 0.000732421875, 0.0)	(-0.01, 0.0, -0.37)	(-0.01, 0.3, 9.8)	(0,	3,	0,	0)	(1700356623.3510516)	(
(29)	(-0.03, 0.29, 9.450000000000001)	(-30.75, -85.75, 42.75)	(0.002181661564992912, -0.002181661564992912, 0.001090830782496456)	(359.9375, -0.0625, -1.75)	(0.9998779296875, 0.0155029296875, 0.000732421875, 0.0)	(0.0, -0.03, -0.34)	(-0.01, 0.3, 9.8)	(0,	3,	0,	0)	(1700356623.4020379)	(
(29)	(0.0, 0.3, 9.450000000000001)	(-30.75, -85.0, 42.375)	(0.0, 0.0, -0.001090830782496456)	(359.9375, -0.0625, -1.75)	(0.9998779296875, 0.0155029296875, 0.000732421875, 0.0)	(1.28, 0.0, -0.33)	(-0.01, 0.3, 9.8)	(0,	3,	0,	0)	(1700356623.4546058)	(
(29)	(-0.01, 0.3, 9.46)	(-30.5, -85.0, 42.0)	(0.001090830782496456, -0.002181661564992912, 0.0)	(359.9375, -0.0625, -1.75)	(0.9998779296875, 0.0155029296875, 0.000732421875, 0.0)	(0.0, -0.02, -0.35000000000000003)	(-0.01, 0.3, 9.8)	(0,	3,	0,	0)	(1700356623.5190697)	(
(29)	(0.0, 0.3, 9.49)	(-29.75, -85.0, 42.0)	(0.001090830782496456, -0.001090830782496456, -0.001090830782496456)	(359.9375, -0.0625, -1.75)	(0.9998779296875, 0.0155029296875, 0.000732421875, 0.0)	(0.0, 0.0, -0.36)	(-0.01, 0.3, 9.8)	(0,	3,	0,	0)	(1700356623.5700457)	(
(29)	(-0.01, 0.28, 9.46)	(-29.75, -85.0, 42.375)	(0.001090830782496456, 0.0, 0.001090830782496456)	(359.9375, -0.0625, -1.75)	(0.9998779296875, 0.0155029296875, 0.000732421875, 0.0)	(0.0, -0.02, -0.33)	(-0.01, 0.3, 9.8)	(2,	3,	0,	0)	(1700356623.6280425)	(
(29)	(-0.03, 0.3, 9.450000000000001)	(-29.75, -86.0625, 42.375)	(-0.002181661564992912, -0.002181661564992912, -0.001090830782496456)	(359.9375, -0.0625, -1.75)	(0.9998779296875, 0.0155029296875, 0.000732421875, 0.0)	(0.0, 0.02, -0.31)	(-0.01, 0.3, 9.8)	(0,	3,	0,	0)	(1700356623.67994)	(
(29)	(0.0, 0.28, 9.47)	(-29.75, -85.75, 42.0)	(-0.001090830782496456, 0.0, -0.001090830782496456)	(359.9375, -0.0625, -1.75)	(0.9998779296875, 0.0155029296875, 0.000732421875, 0.0)	(0.02, 0.01, -0.34)	(-0.01, 0.3, 9.8)	(0,	3,	0,	0)	(1700356623.7367685)	(
(29)	(-0.01, 0.3, 9.47)	(-30.0625, -84.25, 42.0)	(-0.001090830782496456, 0.0, -0.002181661564992912)	(359.9375, -0.0625, -1.75)	(0.9998779296875, 0.0155029296875, 0.000732421875, 0.0)	(-0.01, -0.02, -0.34)	(-0.01, 0.3, 9.8)	(0,	3,	0,	0)	(1700356623.7879498)	(
(29)	(0.0, 0.31, 9.44)	(-29.75, -85.375, 42.375)	(-0.001090830782496456, 0.002181661564992912, 0.002181661564992912)	(359.9375, -0.0625, -1.75)	(0.9998779296875, 0.0155029296875, 0.000732421875, 0.0)	(0.01, 0.0, -0.34)	(-0.01, 0.3, 9.8)	(0,	3,	0,	0)	(1700356623.8416548)	(
(29)	(0.0, 0.27, 9.450000000000001)	(-30.75, -85.75, 42.375)	(0.0, -0.002181661564992912, 0.001090830782496456)	(359.9375, -0.0625, -1.75)	(0.9998779296875, 0.0155029296875, 0.000732421875, 0.0)	(0.0, -0.02, -0.36)	(-0.01, 0.3, 9.8)	(0,	3,	0,	0)	(1700356623.9034615)	(
(29)	(-0.02, 0.28, 9.43)	(-29.75, -86.0625, 42.0)	(0.0, 0.001090830782496456, 0.0)	(359.9375, -0.0625, -1.75)	(0.9998779296875, 0.0155029296875, 0.000732421875, 0.0)	(0.01, 0.0, -0.31)	(-0.01, 0.3, 9.8)	(0,	3,	0,	0)	(1700356624.0213652)	(
(29)	(0.0, 0.3, 9.44)	(-31.5625, -85.375, 41.25)	(0.0, 0.001090830782496456, 0.0)	(359.9375, -0.0625, -1.75)	(0.9998779296875, 0.0155029296875, 0.000732421875, 0.0)	(0.0, 0.01, -0.34)	(-0.01, 0.3, 9.8)	(0,	3,	0,	0)	(1700356624.0720243)	(
(29)	(-0.04, 0.28, 9.44)	(-29.75, -86.0625, 41.5625)	(0.001090830782496456, -0.003272492347489368, 0.001090830782496456)	(359.9375, -0.0625, -1.75)	(0.9998779296875, 0.0155029296875, 0.000732421875, 0.0)	(0.0, 0.0, -0.33)	(-0.01, 0.3, 9.8)	(0,	3,	0,	0)	(1700356624.127901)	(
(29)	(0.0, 0.31, 9.46)	(-29.75, -85.375, 43.1875)	(0.002181661564992912, -0.002181661564992912, 0.001090830782496456)	(359.9375, -0.0625, -1.75)	(0.9998779296875, 0.0155029296875, 0.000732421875, 0.0)	(0.0, -0.02, -0.34)	(-0.01, 0.3, 9.8)	(0,	3,	0,	0)	(1700356624.1859818)	(
(29)	(-0.01, 0.28, 9.450000000000001)	(-31.5625, -85.0, 41.25)	(0.001090830782496456, 0.0, 0.0)	(359.9375, -0.0625, -1.75)	(0.9998779296875, 0.0155029296875, 0.000732421875, 0.0)	(0.0, 0.0, -0.32)	(-0.01, 0.3, 9.8)	(0,	3,	0,	0)	(1700356624.2427728)	(
(29)	(0.0, 0.32, 9.48)	(-31.1875, -85.75, 42.75)	(0.001090830782496456, 0.0, 0.002181661564992912)	(359.9375, -0.0625, -1.75)	(0.9998779296875, 0.0155029296875, 0.000732421875, 0.0)	(1.28, 0.0, -0.34)	(-0.01, 0.3, 9.8)	(0,	3,	0,	0)	(1700356624.3200567)	(
(29)	(0.0, 0.3, 9.450000000000001)	(-30.5, -85.375, 43.5625)	(0.001090830782496456, 0.003272492347489368, -0.002181661564992912)	(367.9375, -0.0625, -1.75)	(0.9998779296875, 0.0155029296875, 0.000732421875, 0.0)	(0.0, -0.04, -0.32)	(-0.01, 0.3, 9.8)	(0,	3,	0,	0)	(1700356624.3713768)	(
(29)	(0.0, 0.28, 9.44)	(-30.0625, -84.5625, 43.1875)	(-0.002181661564992912, 0.003272492347489368, 0.0)	(359.9375, -0.0625, -1.75)	(0.9998779296875, 0.0155029296875, 0.000732421875, 0.0)	(-0.01, -0.04, -0.34)	(-0.01, 0.3, 9.8)	(0,	3,	0,	0)	(1700356624.4282243)	(
(29)	(-0.01, 0.3, 9.450000000000001)	(-30.0625, -85.0, 42.75)	(-0.001090830782496456, 0.0, -0.002181661564992912)	(359.9375, -0.0625, -1.75)	(0.9998779296875, 0.0155029296875, 0.000732421875, 0.0)	(0.0, 0.0, -0.33)	(-0.01, 0.3, 9.8)	(0,	3,	0,	0)	(1700356624.4796212)	(
(29)	(-0.01, 0.27, 9.450000000000001)	(-21.75, -85.0, 43.1875)	(0.001090830782496456, -0.002181661564992912, 0.0)	(359.9375, -0.0625, -1.75)	(0.9998779296875, 0.0155029296875, 0.000732421875, 0.0)	(0.0, 0.0, -0.33)	(-0.01, 0.3, 9.8)	(0,	3,	0,	0)	(1700356624.5396395)	(
(29)	(0.0, 0.3, 9.450000000000001)	(-22.0625, -85.375, 42.0)	(0.001090830782496456, -0.003272492347489368, -0.002181661564992912)	(359.9375, -0.0625, -1.75)	(0.9998779296875, 0.0155029296875, 0.000732421875, 0.0)	(0.0, 0.0, -0.33)	(-0.01, 0.3, 9.8)	(0,	3,	0,	0)	(1700356624.596518)	(
(29)	(-0.01, 0.28, 9.43)	(-29.75, -85.375, 41.5625)	(0.001090830782496456, -0.004363323129985824, 0.0)	(359.9375, -0.0625, -1.75)	(0.9998779296875, 0.0155029296875, 0.000732421875, 0.0)	(0.0, -0.03, -0.35000000000000003)	(-0.01, 0.3, 9.8)	(0,	3,	0,	0)	(1700356624.6490307)	(
(29)	(-0.01, 0.3, 9.48)	(-30.0625, -85.75, 42.0)	(0.0, -0.002181661564992912, 0.002181661564992912)	(359.9375, -0.0625, -1.75)	(0.9998779296875, 0.0155029296875, 0.000732421875, 0.0)	(-0.01, 0.0, -0.34)	(-0.01, 0.3, 9.8)	(0,	3,	0,	0)	(1700356624.7162435)	(
(29)	(-0.02, 0.27, 9.46)	(-30.5, -85.375, 42.0)	(-0.001090830782496456, -0.002181661564992912, 0.0)	(359.9375, -0.0625, -1.75)	(0.9998779296875, 0.0155029296875, 0.000732421875, 0.0)	(0.02, 0.02, -0.35000000000000003)	(-0.01, 0.3, 9.8)	(0,	3,	0,	0)	(1700356624.7689147)	(
(29)	(0.0, 0.28, 9.46)	(-29.75, -84.5625, 41.5625)	(-0.001090830782496456, 0.001090830782496456, -0.001090830782496456)	(359.9375, -0.0625, -1.75)	(0.9998779296875, 0.0155029296875, 0.000732421875, 0.0)	(0.01, 0.0, -0.34)	(-0.01, 0.3, 9.8)	(0,	3,	0,	0)	(1700356624.8245528)	(
(29)	(0.01, 0.29, 9.450000000000001)	(-29.75, -85.0, 42.75)	(0.1407171709420428, -0.001090830782496456, 0.0)	(359.9375, -0.0625, -1.75)	(0.9998779296875, 0.0155029296875, 0.000732421875, 0.0)	(-0.02, 0.0, -0.32)	(-0.01, 0.3, 9.8)	(0,	3,	0,	0)	(1700356624.8867426)	(
(29)	(-0.02, 0.32, 9.450000000000001)	(-30.75, -85.375, 42.0)	(0.002181661564992912, 0.0, -0.001090830782496456)	(359.9375, -0.0625, -1.75)	(0.9998779296875, 0.0155029296875, 0.000732421875, 0.0)	(0.0, 0.01, -0.33)	(-0.01, 0.3, 9.8)	(0,	3,	0,	0)	(1700356624.9413505)	(
(29)	(0.0, 0.29, 9.46)	(-30.0625, -85.375, 42.0)	(-0.001090830782496456, 0.0, -0.001090830782496456)	(359.9375, -0.0625, -1.75)	(0.9998779296875, 0.0155029296875, 0.000732421875, 0.0)	(0.0, -0.02, -0.3)	(-0.01, 0.3, 9.8)	(0,	3,	0,	0)	(1700356624.9949093)	(
(29)	(0.0, 0.28, 9.44)	(-30.5, -85.375, 43.1875)	(0.002181661564992912, -0.002181661564992912, -0.002181661564992912)	(359.9375, -0.0625, -1.75)	(0.9998779296875, 0.0155029296875, 0.000732421875, 0.0)	(0.0, 0.0, -0.34)	(-0.01, 0.3, 9.8)	(0,	3,	0,	0)	(1700356625.0522451)	(
(29)	(0.0, 0.3, 9.450000000000001)	(-31.1875, -86.0625, 42.375)	(0.0, 0.001090830782496456, 0.0)	(359.9375, -0.0625, -1.75)	(0.9998779296875, 0.0155029296875, 0.000732421875, 0.0)	(0.0, -0.02, -0.33)	(-0.01, 0.3, 9.8)	(0,	3,	0,	0)	(1700356625.1112127)	(
(29)	(-0.01, 0.3, 9.46)	(-30.5, -85.375, 42.75)	(0.002181661564992912, -0.002181661564992912, 0.0)	(359.9375, -0.0625, -1.75)	(0.9998779296875, 0.0155029296875, 0.000732421875, 0.0)	(0.0, -0.01, -0.34)	(-0.01, 0.3, 9.8)	(0,	3,	0,	0)	(1700356625.1672604)	(
(29)	(0.0, 0.27, 9.46)	(-30.75, -85.75, 42.75)	(0.001090830782496456, 0.00545415391248228, 0.001090830782496456)	(359.9375, -0.0625, -1.75)	(0.9998779296875, 0.0155029296875, 0.000732421875, 0.0)	(0.0, 0.02, -0.32)	(-0.01, 0.3, 9.8)	(0,	3,	0,	0)	(1700356625.2225082)	(
(29)	(-0.02, 0.3, 9.450000000000001)	(-30.5, -85.375, 42.375)	(0.001090830782496456, 0.0, -0.002181661564992912)	(367.9375, -0.0625, -1.75)	(0.9998779296875, 0.0155029296875, 0.000732421875, 0.0)	(0.0, -0.01, -0.37)	(-0.01, 0.3, 9.8)	(0,	3,	0,	0)	(1700356625.278802)	(
(29)	(0.0, 0.3, 9.450000000000001)	(-30.5, -85.375, 42.375)	(0.0, -0.003272492347489368, 0.0)	(359.9375, -0.0625, -1.75)	(0.9998779296875, 0.0155029296875, 0.000732421875, 0.0)	(0.0, -0.01, -0.34)	(-0.01, 0.3, 9.8)	(0,	3,	0,	0)	(1700356625.3309898)	(
(29)	(-0.01, 0.29, 9.450000000000001)	(-31.1875, -86.0625, 42.0625)	(0.002181661564992912, 0.001090830782496456, -0.002181661564992912)	(359.9375, -0.0625, -1.75)	(0.9998779296875, 0.0155029296875, 0.000732421875, 0.0)	(0.0, 0.0, -0.34)	(-0.01, 0.3, 9.8)	(0,	3,	0,	0)	(1700356625.3884351)	(
(29)	(0.0, 0.29, 9.43)	(-29.75, -86.375, 42.375)	(0.001090830782496456, -0.001090830782496456, 0.001090830782496456)	(359.9375, -0.0625, -1.75)	(0.9998779296875, 0.0155029296875, 0.000732421875, 0.0)	(0.0, -0.01, -0.33)	(-0.01, 0.3, 9.8)	(0,	3,	0,	0)	(1700356625.443939)	(
(29)	(0.0, 0.3, 9.450000000000001)	(-30.5, -85.375, 42.375)	(-0.001090830782496456, 0.001090830782496456, -0.001090830782496456)	(359.9375, -0.0625, -1.75)	(0.9998779296875, 0.0155029296875, 0.000732421875, 0.0)	(0.0, 0.0, -0.35000000000000003)	(-0.01, 0.3, 9.8)	(0,	3,	0,	0)	(1700356625.4933212)	(
(29)	(-0.02, 0.32, 9.42)	(-31.1875, -84.5625, 42.0)	(0.001090830782496456, 0.0, -0.001090830782496456)	(359.9375, -0.0625, -1.75)	(0.9998779296875, 0.0155029296875, 0.000732421875, 0.0)	(0.0, -0.02, -0.36)	(-0.01, 0.3, 9.8)	(0,	3,	0,	0)	(1700356625.5513656)	(
(29)	(0.0, 0.31, 9.42)	(-30.0625, -85.75, 42.0)	(0.002181661564992912, 0.002181661564992912, -0.001090830782496456)	(359.9375, -0.0625, -1.75)	(0.9998779296875, 0.0155029296875, 0.000732421875, 0.0)	(-0.02, 0.02, -0.36)	(-0.01, 0.3, 9.8)	(0,	3,	0,	0)	(1700356625.600307)	(
(29)	(0.0, 0.3, 9.44)	(-30.75, -85.75, 43.1875)	(0.0, 0.002181661564992912, 0.001090830782496456)	(359.9375, -0.0625, -1.75)	(0.9998779296875, 0.0155029296875, 0.000732421875, 0.0)	(0.0, 0.0, -0.3)	(-0.01, 0.3, 9.8)	(0,	3,	0,	0)	(1700356625.6539092)	(
(29)	(-0.02, 0.3, 9.46)	(-30.75, -85.75, 42.375)	(0.0, -0.004363323129985824, -0.001090830782496456)	(359.9375, -0.0625, -1.75)	(0.9998779296875, 0.0155029296875, 0.000732421875, 0.0)	(0.0, 0.0, -0.35000000000000003)	(-0.01, 0.3, 9.8)	(0,	3,	0,	0)	(1700356625.7057803)	(
(29)	(0.01, 0.32, 9.46)	(-29.75, -85.375, 42.0)	(-0.001090830782496456, 0.0, -0.001090830782496456)	(359.9375, -0.0625, -1.75)	(0.9998779296875, 0.0155029296875, 0.000732421875, 0.0)	(0.0, -0.02, -0.34)	(-0.01, 0.3, 9.8)	(0,	3,	0,	0)	(1700356625.75965)	(
(29)	(0.0, 0.31, 9.47)	(-30.75, -85.75, 43.1875)	(0.001090830782496456, 0.001090830782496456, 0.0)	(359.9375, -0.0625, -1.75)	(0.9998779296875, 0.0155029296875, 0.000732421875, 0.0)	(-0.01, 0.0, -0.34)	(-0.01, 0.3, 9.8)	(0,	3,	0,	0)	(1700356625.8182852)	(
(29)	(0.0, 0.28, 9.46)	(-30.0625, -86.0625, 43.1875)	(-0.001090830782496456, -0.001090830782496456, 0.0)	(359.9375, -0.0625, -1.75)	(0.9998779296875, 0.0155029296875, 0.000732421875, 0.0)	(0.0, 0.0, -0.34)	(-0.01, 0.3, 9.8)	(0,	3,	0,	0)	(1700356625.8720381)	(
(29)	(0.0, 0.29, 9.450000000000001)	(-30.0625, -85.75, 43.1875)	(0.002181661564992912, -0.003272492347489368, 0.002181661564992912)	(359.9375, -0.0625, -1.75)	(0.9998779296875, 0.0155029296875, 0.000732421875, 0.0)	(0.01, -0.02, -0.34)	(-0.01, 0.3, 9.8)	(0,	3,	0,	0)	(1700356625.9315581)	(
(29)	(-0.01, 0.3, 9.46)	(-30.0625, -85.375, 43.1875)	(-0.001090830782496456, 0.002181661564992912, 0.001090830782496456)	(359.9375, -0.0625, -1.75)	(0.9998779296875, 0.0155029296875, 0.000732421875, 0.0)	(0.01, 0.0, -0.31)	(-0.01, 0.3, 9.8)	(0,	3,	0,	0)	(1700356625.9942048)	(
(29)	(0.0, 0.29, 9.43)	(-30.0625, -85.375, 42.0)	(0.002181661564992912, 0.00545415391248228, 0.0)	(359.9375, -0.0625, -1.75)	(0.9998779296875, 0.0155029296875, 0.000732421875, 0.0)	(0.0, 0.0, -0.35000000000000003)	(-0.01, 0.3, 9.8)	(0,	3,	0,	0)	(1700356626.0504735)	(
(29)	(0.0, 0.26, 9.46)	(-30.0625, -85.375, 42.0)	(-0.001090830782496456, 0.001090830782496456, 0.001090830782496456)	(359.9375, -0.0625, -1.75)	(0.9998779296875, 0.0155029296875, 0.000732421875, 0.0)	(0.0, -0.01, -0.33)	(-0.01, 0.3, 9.8)	(0,	3,	0,	0)	(1700356626.1033225)	(
(29)	(0.0, 0.32, 9.48)	(-30.75, -85.75, 42.375)	(0.0, 0.001090830782496456, 0.0)	(359.9375, -0.0625, -1.75)	(0.9998779296875, 0.0155029296875, 0.000732421875, 0.0)	(-0.01, 0.0, -0.35000000000000003)	(-0.01, 0.3, 9.8)	(0,	3,	0,	0)	(1700356626.1566246)	(
(29)	(0.0, 0.28, 9.450000000000001)	(-29.375, -85.375, 42.75)	(-0.001090830782496456, 0.0, 0.002181661564992912)	(359.9375, -0.0625, -1.75)	(0.9998779296875, 0.0155029296875, 0.000732421875, 0.0)	(-0.01, -0.01, -0.34)	(-0.01, 0.3, 9.8)	(0,	3,	0,	0)	(1700356626.2106156)	(
(29)	(-0.01, 0.27, 9.450000000000001)	(-30.75, -85.375, 41.5625)	(0.003272492347489368, -0.004363323129985824, -0.001090830782496456)	(359.9375, -0.0625, -1.75)	(0.9998779296875, 0.0155029296875, 0.000732421875, 0.0)	(0.0, 0.0, -0.34)	(-0.01, 0.3, 9.8)	(0,	3,	0,	0)	(1700356626.2661796)	(
(29)	(1.28, 0.31, 9.47)	(-29.75, -85.375, 42.75)	(-0.002181661564992912, 0.003272492347489368, -0.001090830782496456)	(359.9375, -0.0625, -1.75)	(0.9998779296875, 0.0155029296875, 0.000732421875, 0.0)	(0.0, 0.02, -0.34)	(-0.01, 0.3, 9.8)	(0,	3,	0,	0)	(1700356626.3251305)	(
(29)	(-0.01, 0.3, 9.5)	(-30.5, -84.5625, 43.1875)	(0.001090830782496456, -0.003272492347489368, 0.0)	(359.9375, -0.0625, -1.75)	(0.9998779296875, 0.0155029296875, 0.000732421875, 0.0)	(0.02, -0.01, -0.35000000000000003)	(-0.01, 0.3, 9.8)	(0,	3,	0,	0)	(1700356626.3772905)	(
(29)	(-0.01, 0.29, 9.47)	(-30.75, -85.75, 42.0)	(0.0, -0.001090830782496456, -0.001090830782496456)	(359.9375, -0.0625, -1.75)	(0.9998779296875, 0.0155029296875, 0.000732421875, 0.0)	(0.0, -0.01, -0.3)	(-0.01, 0.3, 9.8)	(0,	3,	0,	0)	(1700356626.4384437)	(
(29)	(0.0, 0.3, 9.44)	(-30.0625, -85.375, 42.0)	(0.001090830782496456, -0.001090830782496456, 0.001090830782496456)	(359.9375, -0.0625, -1.75)	(0.9998779296875, 0.0155029296875, 0.000732421875, 0.0)	(0.0, 0.01, -0.34)	(-0.01, 0.3, 9.8)	(0,	3,	0,	0)	(1700356626.4911642)	(
(29)	(0.0, 0.3, 9.46)	(-29.0, -85.375, 41.25)	(0.001090830782496456, 0.0, -0.001090830782496456)	(359.9375, -0.0625, -1.75)	(0.9998779296875, 0.0155029296875, 0.000732421875, 0.0)	(0.0, -0.02, -0.33)	(-0.01, 0.3, 9.8)	(0,	3,	0,	0)	(1700356626.546033)	(
(29)	(-0.01, 0.3, 9.43)	(-30.75, -85.75, 43.5625)	(0.002181661564992912, -0.002181661564992912, -0.002181661564992912)	(359.9375, -0.0625, -1.75)	(0.9998779296875, 0.0155029296875, 0.000732421875, 0.0)	(-0.01, -0.01, -0.32)	(-0.01, 0.3, 9.8)	(0,	3,	0,	0)	(1700356626.59622)	(
(29)	(-0.02, 0.3, 9.43)	(-30.0625, -85.75, 42.75)	(0.001090830782496456, 0.0, -0.002181661564992912)	(359.9375, -0.0625, -1.75)	(0.9998779296875, 0.0155029296875, 0.000732421875, 0.0)	(0.01, -0.01, -0.34)	(-0.01, 0.3, 9.8)	(0,	3,	0,	0)	(1700356626.6548908)	(
(29)	(0.0, 0.27, 9.43)	(-30.5, -85.375, 42.75)	(0.001090830782496456, 0.001090830782496456, -0.001090830782496456)	(359.9375, -0.0625, -1.75)	(0.9998779296875, 0.0155029296875, 0.000732421875, 0.0)	(0.0, 0.0, -0.36)	(-0.01, 0.3, 9.8)	(0,	3,	0,	0)	(1700356626.7069187)	(
(29)	(-0.01, 0.28, 9.450000000000001)	(-30.0625, -85.0, 41.5625)	(0.001090830782496456, -0.003272492347489368, 0.001090830782496456)	(359.9375, -0.0625, -1.75)	(0.9998779296875, 0.0155029296875, 0.000732421875, 0.0)	(0.0, 0.0, -0.32)	(-0.01, 0.3, 9.8)	(0,	3,	0,	0)	(1700356626.7648342)	(
(29)	(0.0, 0.29, 9.48)	(-30.5, -85.0, 42.75)	(0.0, 0.0, -0.001090830782496456)	(359.9375, -0.0625, -1.75)	(0.9998779296875, 0.0155029296875, 0.000732421875, 0.0)	(0.01, 0.0, -0.35000000000000003)	(-0.01, 0.3, 9.8)	(0,	3,	0,	0)	(1700356626.8151398)	(
(29)	(0.0, 0.29, 9.44)	(-30.75, -85.75, 42.75)	(-0.002181661564992912, 0.0, 0.0)	(359.9375, -0.0625, -1.75)	(0.9998779296875, 0.0155029296875, 0.000732421875, 0.0)	(0.0, 0.01, -0.36)	(-0.01, 0.3, 9.8)	(0,	3,	0,	0)	(1700356626.8661282)	(
(29)	(-0.01, 0.29, 9.43)	(-30.75, -85.0, 42.75)	(0.001090830782496456, -0.003272492347489368, 0.003272492347489368)	(359.9375, -0.0625, -1.75)	(0.9998779296875, 0.0155029296875, 0.000732421875, 0.0)	(0.0, 0.0, -0.34)	(-0.01, 0.3, 9.8)	(0,	3,	0,	0)	(1700356626.9158487)	(
(29)	(0.0, 0.29, 9.46)	(-30.0625, -85.75, 41.5625)	(0.0, -0.004363323129985824, -0.001090830782496456)	(359.9375, -0.0625, -1.75)	(0.9998779296875, 0.0155029296875, 0.000732421875, 0.0)	(0.0, 0.0, -0.37)	(-0.01, 0.3, 9.8)	(0,	3,	0,	0)	(1700356626.96975)	(
(29)	(0.0, 0.28, 9.450000000000001)	(-29.75, -85.75, 42.375)	(-0.001090830782496456, 0.002181661564992912, 0.0)	(359.9375, -0.0625, -1.75)	(0.9998779296875, 0.0155029296875, 0.000732421875, 0.0)	(0.01, 0.0, -0.34)	(-0.01, 0.3, 9.8)	(0,	3,	0,	0)	(1700356627.0250382)	(
(29)	(0.0, 0.28, 9.450000000000001)	(-30.5, -86.0625, 41.5625)	(0.0, -0.004363323129985824, 0.003272492347489368)	(359.9375, -0.0625, -1.75)	(0.9998779296875, 0.0155029296875, 0.000732421875, 0.0)	(-0.01, 0.0, -0.35000000000000003)	(-0.01, 0.3, 9.8)	(0,	3,	0,	0)	(1700356627.0822334)	(
(29)	(0.0, 0.32, 9.46)	(-30.0625, -85.375, 42.375)	(-0.001090830782496456, 0.001090830782496456, 0.002181661564992912)	(359.9375, -0.0625, -1.75)	(0.9998779296875, 0.0155029296875, 0.000732421875, 0.0)	(0.0, 0.01, -0.34)	(-0.01, 0.3, 9.8)	(0,	3,	0,	0)	(1700356627.1337268)	(
(29)	(0.0, 0.27, 9.43)	(-29.75, -85.375, 42.0625)	(-0.001090830782496456, 0.0, 0.0)	(359.9375, -0.0625, -1.75)	(0.9998779296875, 0.0155029296875, 0.000732421875, 0.0)	(-0.01, -0.01, -0.34)	(-0.01, 0.3, 9.8)	(0,	3,	0,	0)	(1700356627.1915255)	(
(29)	(-0.01, 0.27, 9.44)	(-30.75, -85.375, 42.0)	(0.001090830782496456, -0.001090830782496456, 0.001090830782496456)	(359.9375, -0.0625, -1.75)	(0.9998779296875, 0.0155029296875, 0.000732421875, 0.0)	(0.0, -0.02, -0.35000000000000003)	(-0.01, 0.3, 9.8)	(0,	3,	0,	0)	(1700356627.2512875)	(
(29)	(0.0, 0.29, 9.43)	(-22.5, -84.5625, 42.375)	(0.001090830782496456, -0.001090830782496456, 0.001090830782496456)	(359.9375, -0.0625, -1.75)	(0.9998779296875, 0.0155029296875, 0.000732421875, 0.0)	(1.28, 0.0, -0.32)	(-0.01, 0.3, 9.8)	(0,	3,	0,	0)	(1700356627.3028066)	(
(29)	(0.0, 0.29, 9.48)	(-30.75, -85.375, 43.1875)	(0.001090830782496456, 0.001090830782496456, 0.0)	(359.9375, -0.0625, -1.75)	(0.9998779296875, 0.0155029296875, 0.000732421875, 0.0)	(0.0, -0.01, -0.34)	(-0.01, 0.3, 9.8)	(0,	3,	0,	0)	(1700356627.3601105)	(
(29)	(0.0, 0.31, 9.43)	(-30.0625, -86.0625, 42.75)	(0.0, -0.001090830782496456, 0.0)	(359.9375, -0.0625, -1.75)	(0.9998779296875, 0.0155029296875, 0.000732421875, 0.0)	(0.0, 0.03, -0.33)	(-0.01, 0.3, 9.8)	(0,	3,	0,	0)	(1700356627.4090328)	(
(29)	(0.0, 0.31, 9.46)	(-29.75, -85.375, 41.5625)	(-0.001090830782496456, 0.002181661564992912, 0.001090830782496456)	(359.9375, -0.0625, -1.75)	(0.9998779296875, 0.0155029296875, 0.000732421875, 0.0)	(0.01, -0.02, -0.3)	(-0.01, 0.3, 9.8)	(0,	3,	0,	0)	(1700356627.4602094)	(
(29)	(-0.02, 0.31, 9.47)	(-30.75, -86.0625, 42.0625)	(0.001090830782496456, 0.002181661564992912, -0.001090830782496456)	(359.9375, -0.0625, -1.75)	(0.9998779296875, 0.0155029296875, 0.000732421875, 0.0)	(1.28, -0.03, -0.33)	(-0.01, 0.3, 9.8)	(0,	3,	0,	0)	(1700356627.5126858)	(
(29)	(-0.01, 0.28, 9.48)	(-29.375, -85.75, 42.375)	(0.002181661564992912, -0.002181661564992912, -0.001090830782496456)	(359.9375, -0.0625, -1.75)	(0.9998779296875, 0.0155029296875, 0.000732421875, 0.0)	(0.0, 0.02, -0.33)	(-0.01, 0.3, 9.8)	(0,	3,	0,	0)	(1700356627.5606854)	(
(29)	(0.0, 0.29, 9.44)	(-30.75, -85.375, 41.5625)	(0.001090830782496456, -0.002181661564992912, -0.001090830782496456)	(359.9375, -0.0625, -1.75)	(0.9998779296875, 0.0155029296875, 0.000732421875, 0.0)	(0.0, -0.02, -0.34)	(-0.01, 0.3, 9.8)	(0,	3,	0,	0)	(1700356627.6207666)	(
(29)	(-0.02, 0.29, 9.44)	(-30.75, -85.375, 42.0)	(0.001090830782496456, 0.0, -0.001090830782496456)	(359.9375, -0.0625, -1.75)	(0.9998779296875, 0.0155029296875, 0.000732421875, 0.0)	(0.01, 0.0, -0.36)	(-0.01, 0.3, 9.8)	(0,	3,	0,	0)	(1700356627.6716762)	(
(29)	(-0.01, 0.31, 9.450000000000001)	(-21.75, -85.75, 43.5625)	(0.002181661564992912, -0.002181661564992912, 0.002181661564992912)	(359.9375, -0.0625, -1.75)	(0.9998779296875, 0.0155029296875, 0.000732421875, 0.0)	(0.0, -0.01, -0.34)	(-0.01, 0.3, 9.8)	(0,	3,	0,	0)	(1700356627.7319608)	(
(29)	(-0.01, 0.3, 9.47)	(-30.5, -85.75, 42.375)	(-0.001090830782496456, 0.001090830782496456, -0.001090830782496456)	(359.9375, -0.0625, -1.75)	(0.9998779296875, 0.0155029296875, 0.000732421875, 0.0)	(0.0, -0.01, -0.35000000000000003)	(-0.01, 0.3, 9.8)	(0,	3,	0,	0)	(1700356627.790185)	(
(29)	(-0.02, 0.29, 9.43)	(-29.375, -85.0, 42.75)	(0.002181661564992912, -0.003272492347489368, 0.001090830782496456)	(359.9375, -0.0625, -1.75)	(0.9998779296875, 0.0155029296875, 0.000732421875, 0.0)	(0.0, 0.01, -0.32)	(-0.01, 0.3, 9.8)	(0,	3,	0,	0)	(1700356627.850528)	(
(29)	(0.0, 0.32, 9.450000000000001)	(-29.375, -85.75, 43.1875)	(0.0, 0.001090830782496456, -0.002181661564992912)	(359.9375, -0.0625, -1.75)	(0.9998779296875, 0.0155029296875, 0.000732421875, 0.0)	(0.01, -0.01, -0.32)	(-0.01, 0.3, 9.8)	(0,	3,	0,	0)	(1700356627.904257)	(
(29)	(0.0, 0.3, 9.49)	(-29.75, -86.0625, 43.1875)	(0.001090830782496456, -0.001090830782496456, 0.001090830782496456)	(359.9375, -0.0625, -1.75)	(0.9998779296875, 0.0155029296875, 0.000732421875, 0.0)	(-0.01, 0.0, -0.35000000000000003)	(-0.01, 0.3, 9.8)	(0,	3,	0,	0)	(1700356627.952819)	(
(29)	(-0.02, 0.32, 9.43)	(-31.5625, -85.75, 42.375)	(0.0, 0.001090830782496456, 0.003272492347489368)	(359.9375, -0.0625, -1.75)	(0.9998779296875, 0.0155029296875, 0.000732421875, 0.0)	(0.01, 0.0, -0.34)	(-0.01, 0.3, 9.8)	(0,	3,	0,	0)	(1700356628.015137)	(
(29)	(-0.01, 0.29, 9.48)	(-30.5, -86.0625, 42.375)	(-0.001090830782496456, 0.002181661564992912, 0.0)	(359.9375, -0.0625, -1.75)	(0.9998779296875, 0.0155029296875, 0.000732421875, 0.0)	(0.0, 0.0, -0.35000000000000003)	(-0.01, 0.3, 9.8)	(0,	3,	0,	0)	(1700356628.0775032)	(
(29)	(0.0, 0.29, 9.450000000000001)	(-29.375, -85.75, 42.375)	(-0.001090830782496456, 0.001090830782496456, -0.002181661564992912)	(359.9375, -0.0625, -1.75)	(0.9998779296875, 0.0155029296875, 0.000732421875, 0.0)	(-0.02, -0.02, -0.34)	(-0.01, 0.3, 9.8)	(0,	3,	0,	0)	(1700356628.1335654)	(
(29)	(-0.01, 0.28, 9.44)	(2018.625, -85.375, 42.75)	(0.001090830782496456, -0.001090830782496456, -0.001090830782496456)	(359.9375, -0.0625, -1.75)	(0.9998779296875, 0.0155029296875, 0.000732421875, 0.0)	(0.01, 0.03, -0.31)	(-0.01, 0.3, 9.8)	(0,	3,	0,	0)	(1700356628.1929307)	(
(29)	(-0.01, 0.3, 9.450000000000001)	(-29.375, -85.75, 42.375)	(0.0, -0.001090830782496456, 0.002181661564992912)	(359.9375, -0.0625, -1.75)	(0.9998779296875, 0.0155029296875, 0.000732421875, 0.0)	(0.0, 0.0, -0.32)	(-0.01, 0.3, 9.8)	(0,	3,	0,	0)	(1700356628.244079)	(
(29)	(-0.03, 0.29, 9.44)	(-22.0625, -86.0625, 42.0)	(-0.001090830782496456, 0.006544984694978736, 0.002181661564992912)	(359.9375, -0.0625, -1.75)	(0.9998779296875, 0.0155029296875, 0.000732421875, 0.0)	(-0.02, 0.0, -0.31)	(-0.01, 0.3, 9.8)	(0,	3,	0,	0)	(1700356628.303263)	(
(29)	(0.0, 0.28, 9.46)	(-22.0625, -85.375, 42.0)	(0.001090830782496456, 0.0, 0.0)	(359.9375, -0.0625, -1.75)	(0.9998779296875, 0.0155029296875, 0.000732421875, 0.0)	(0.02, -0.01, -0.33)	(-0.01, 0.3, 9.8)	(0,	3,	0,	0)	(1700356628.353537)	(
(29)	(-0.01, 0.31, 9.44)	(-29.75, -85.375, 43.5625)	(0.002181661564992912, 0.001090830782496456, -0.002181661564992912)	(359.9375, -0.0625, -1.75)	(0.9998779296875, 0.0155029296875, 0.000732421875, 0.0)	(0.0, -0.02, -0.33)	(-0.01, 0.3, 9.8)	(0,	3,	0,	0)	(1700356628.4158163)	(
