Temp (c), Acc
(-95)	(0.05, -0.28, -9.870000000000001)	(45.1875, 20.375, 39.1875)	(0.0, 0.0, -0.001090830782496456)	(0.0, 0.0, 0.0)	(0.0, 0.0, 0.0, 0.0)	(0.0, 0.0, 0.0)	(0.0, 0.0, 0.0)	(2,	0,	0,	0)	(1696701917.016511)	(
(33)	(0.07, -0.33, -9.84)	(45.1875, 20.375, 39.1875)	(0.001090830782496456, -0.001090830782496456, -0.001090830782496456)	(0.0, 0.0, 0.0)	(0.0, 0.0, 0.0, 0.0)	(0.0, 0.0, 0.0)	(0.0, 0.0, 0.0)	(0,	0,	0,	0)	(1696701917.0520682)	(
(-95)	(0.04, -0.31, -9.88)	(45.1875, 20.375, 39.1875)	(0.0, 0.002181661564992912, -0.002181661564992912)	(0.0, 0.0, 0.0)	(1.0, 0.0, 0.0, 0.0)	(0.08, -0.31, -19.64)	(0.0, 0.0, 9.8)	(0,	0,	0,	0)	(1696701917.0850596)	(
(-95)	(0.03, -0.32, -9.84)	(44.375, 20.75, 38.375)	(0.0, 0.003272492347489368, -0.001090830782496456)	(162.125, 0.25, 178.0625)	(0.016845703125, -0.98779296875, -0.15484619140625, 0.0)	(0.01, -0.02, -0.05)	(0.05, -0.32, -9.8)	(2,	0,	0,	0)	(1696701917.1160126)	(
(-95)	(0.03, -0.25, -9.86)	(44.375, 20.75, 38.375)	(-0.003272492347489368, 0.002181661564992912, 0.0)	(162.125, 0.25, 178.0625)	(0.016845703125, -0.98779296875, -0.15484619140625, 0.0)	(0.02, 0.0, -0.06)	(0.05, -0.32, -9.8)	(2,	0,	0,	0)	(1696701917.1452115)	(
(-95)	(0.05, -0.23, -9.84)	(45.1875, 19.5625, 39.1875)	(0.0, 0.004363323129985824, 0.0)	(162.125, 0.25, 178.0625)	(0.016845703125, -0.98779296875, -0.15484619140625, 0.0)	(-0.01, -0.06, -0.08)	(0.05, -0.32, -9.8)	(2,	0,	0,	0)	(1696701917.1749692)	(
(-95)	(0.03, -0.27, -9.870000000000001)	(45.1875, 19.5625, 39.1875)	(-0.004363323129985824, 0.004363323129985824, -0.001090830782496456)	(162.125, 0.25, 178.0625)	(0.016845703125, -0.98779296875, -0.15484619140625, 0.0)	(-0.01, -0.04, -0.06)	(0.05, -0.32, -9.8)	(2,	0,	0,	0)	(1696701917.2045043)	(
(-95)	(0.06, -0.31, -9.870000000000001)	(43.375, 20.375, 40.0)	(0.0, 0.004363323129985824, -0.002181661564992912)	(162.125, 0.25, 178.0625)	(0.016845703125, -0.98779296875, -0.15484619140625, 0.0)	(0.0, -0.01, -0.07)	(0.05, -0.32, -9.8)	(2,	0,	0,	0)	(1696701917.2352924)	(
(-95)	(0.03, -0.36, -9.82)	(46.25, 20.375, 39.5625)	(-0.002181661564992912, 0.004363323129985824, 0.001090830782496456)	(162.125, 0.25, 178.0625)	(0.016845703125, -0.98779296875, -0.15484619140625, 0.0)	(0.01, 0.07, -0.08)	(0.05, -0.32, -9.8)	(2,	0,	0,	0)	(1696701917.265126)	(
(-95)	(0.06, -0.25, -9.89)	(46.25, 20.375, 39.5625)	(-0.001090830782496456, 0.003272492347489368, 0.001090830782496456)	(162.125, 0.25, 178.0625)	(0.016845703125, -0.98779296875, -0.15484619140625, 0.0)	(0.02, 0.0, -0.02)	(0.05, -0.32, -9.8)	(2,	0,	0,	0)	(1696701917.2946181)	(
(-95)	(0.05, -0.32, -9.83)	(44.75, 20.375, 40.375)	(-0.002181661564992912, 0.0, -0.001090830782496456)	(162.125, 0.25, 178.0625)	(0.016845703125, -0.98779296875, -0.15484619140625, 0.0)	(0.0, -0.02, -0.05)	(0.05, -0.32, -9.8)	(2,	0,	0,	0)	(1696701917.3250248)	(
(-95)	(0.06, -0.36, -9.82)	(44.75, 20.375, 40.375)	(0.0, 0.002181661564992912, -0.002181661564992912)	(162.125, 0.25, 178.0625)	(0.016845703125, -0.98779296875, -0.15484619140625, 0.0)	(0.02, 0.06, -0.06)	(0.05, -0.32, -9.8)	(0,	0,	0,	0)	(1696701917.3566945)	(
(-95)	(0.06, -0.32, -9.85)	(44.0625, 19.25, 39.5625)	(-0.001090830782496456, 0.0, 0.0)	(162.125, 0.25, 178.0625)	(0.016845703125, -0.98779296875, -0.15484619140625, 0.0)	(0.0, 0.0, -0.04)	(0.05, -0.32, -9.8)	(2,	0,	0,	0)	(1696701917.3924224)	(
(-95)	(0.07, -0.37, -9.85)	(44.0625, 20.375, 40.375)	(0.0, 0.004363323129985824, 0.0)	(162.125, 0.25, 178.0625)	(0.016845703125, -0.98779296875, -0.15484619140625, 0.0)	(-0.04, 0.07, -0.08)	(0.05, -0.32, -9.8)	(0,	0,	0,	0)	(1696701917.4237077)	(
(-95)	(0.05, -0.31, -9.85)	(44.0625, 20.375, 32.375)	(-0.001090830782496456, 0.001090830782496456, 0.0)	(162.125, 0.25, 178.0625)	(0.016845703125, -0.98779296875, -0.15484619140625, 0.0)	(0.0, 0.03, -0.02)	(0.05, -0.32, -9.8)	(0,	0,	0,	0)	(1696701917.4536965)	(
(-95)	(0.03, -0.32, -9.85)	(44.375, 20.375, 39.5625)	(-0.002181661564992912, 0.002181661564992912, 0.0)	(162.125, 0.25, 178.0625)	(0.016845703125, -0.98779296875, -0.15484619140625, 0.0)	(0.01, 0.02, -0.06)	(0.05, -0.32, -9.8)	(0,	0,	0,	0)	(1696701917.4867134)	(
(-95)	(0.04, -0.26, -9.86)	(44.75, 20.375, 39.1875)	(0.001090830782496456, 0.001090830782496456, -0.001090830782496456)	(162.125, 0.25, 178.0625)	(0.016845703125, -0.98779296875, -0.15484619140625, 0.0)	(0.0, -0.04, -0.01)	(0.05, -0.32, -9.8)	(2,	0,	0,	0)	(1696701917.517081)	(
(-95)	(0.05, -0.36, -9.86)	(44.75, 20.375, 39.1875)	(0.0, 0.003272492347489368, -0.003272492347489368)	(162.125, 0.25, 178.0625)	(0.016845703125, -0.98779296875, -0.15484619140625, 0.0)	(0.0, 0.0, -0.05)	(0.05, -0.32, -9.8)	(2,	0,	0,	0)	(1696701917.5461745)	(
(-95)	(0.03, -0.34, -9.84)	(44.375, 20.375, 39.1875)	(0.0, 0.004363323129985824, 0.0)	(162.125, 0.25, 178.0625)	(0.016845703125, -0.98779296875, -0.15484619140625, 0.0)	(-0.02, 0.02, -0.06)	(0.05, -0.32, -9.8)	(2,	0,	0,	0)	(1696701917.578108)	(
(-95)	(0.04, -0.28, -9.85)	(44.375, 20.375, 39.1875)	(0.0, 0.002181661564992912, -0.001090830782496456)	(162.125, 0.25, 178.0625)	(0.016845703125, -0.98779296875, -0.15484619140625, 0.0)	(-0.01, -0.02, -0.05)	(0.05, -0.32, -9.8)	(2,	0,	0,	0)	(1696701917.6094017)	(
(33)	(0.05, -0.35000000000000003, -9.870000000000001)	(43.6875, 20.0, 40.0)	(0.0, 0.003272492347489368, 0.001090830782496456)	(162.125, 0.25, 178.0625)	(0.016845703125, -0.99560546875, -0.15484619140625, 0.0)	(0.02, 0.01, -0.03)	(0.05, -0.32, -9.8)	(0,	0,	0,	0)	(1696701917.6433203)	(
(-95)	(0.05, -0.3, -9.85)	(45.1875, 20.375, 39.5625)	(-0.002181661564992912, 0.00545415391248228, -0.001090830782496456)	(162.125, 0.25, 178.0625)	(0.016845703125, -0.98779296875, -0.15484619140625, 0.0)	(0.0, 0.0, -0.05)	(0.05, -0.32, -9.8)	(0,	0,	0,	0)	(1696701917.676386)	(
(-95)	(0.07, -0.32, -9.85)	(45.1875, 20.375, 39.5625)	(0.002181661564992912, -0.001090830782496456, -0.001090830782496456)	(162.125, 0.25, 178.0625)	(0.016845703125, -0.98779296875, -0.15484619140625, 0.0)	(-0.01, -0.01, -0.04)	(0.05, -0.32, -9.8)	(2,	0,	0,	0)	(1696701917.7065184)	(
(-95)	(0.04, -0.29, -9.84)	(44.75, 20.0, 38.75)	(0.0, -0.001090830782496456, 0.002181661564992912)	(162.125, 0.25, 178.0625)	(0.016845703125, -0.98779296875, -0.15484619140625, 0.0)	(0.0, 0.01, -0.06)	(0.05, -0.32, -9.8)	(2,	3,	0,	0)	(1696701917.739254)	(
(-95)	(0.05, -0.3, -9.870000000000001)	(45.1875, 20.75, 39.5625)	(-0.002181661564992912, 0.002181661564992912, 0.001090830782496456)	(162.125, 0.25, 178.0625)	(0.016845703125, -0.98779296875, -0.15484619140625, 0.0)	(0.03, 0.0, -0.04)	(0.05, -0.32, -9.8)	(2,	3,	0,	0)	(1696701917.7749517)	(
(-95)	(0.02, -0.28, -9.86)	(45.1875, 20.75, 39.5625)	(-0.001090830782496456, -0.001090830782496456, 0.002181661564992912)	(162.125, 0.25, 178.0625)	(0.016845703125, -0.98779296875, -0.15484619140625, 0.0)	(0.01, 0.01, -0.03)	(0.05, -0.32, -9.8)	(0,	3,	0,	0)	(1696701917.8029757)	(
(-95)	(0.03, -0.33, -9.85)	(44.75, 20.75, 38.75)	(-0.001090830782496456, -0.001090830782496456, 0.001090830782496456)	(162.125, 0.25, 178.0625)	(0.016845703125, -0.98779296875, -0.15484619140625, 0.0)	(-0.01, 0.05, -0.05)	(0.05, -0.32, -9.8)	(0,	3,	0,	0)	(1696701917.8322332)	(
(33)	(0.07, -0.33, -9.84)	(44.75, 20.375, 40.0)	(-0.001090830782496456, 0.001090830782496456, -0.001090830782496456)	(162.125, 0.25, 178.0625)	(0.016845703125, -0.98779296875, -0.15484619140625, 0.0)	(0.01, 0.0, -0.06)	(0.05, -0.32, -9.8)	(2,	3,	0,	0)	(1696701917.8625932)	(
(-95)	(0.06, -0.35000000000000003, -9.86)	(44.75, 20.375, 40.0)	(-0.001090830782496456, 0.0, 0.0)	(162.125, 0.25, 178.0625)	(0.016845703125, -0.98779296875, -0.15484619140625, 0.0)	(0.03, -0.06, -0.05)	(0.05, -0.32, -9.8)	(0,	3,	0,	0)	(1696701917.8929167)	(
(-95)	(0.05, -0.33, -9.85)	(45.875, 20.0, 40.0)	(0.0, -0.001090830782496456, 0.001090830782496456)	(162.125, 0.25, 178.0625)	(0.016845703125, -0.98779296875, -0.15484619140625, 0.0)	(0.02, 0.02, -0.06)	(0.05, -0.32, -9.8)	(0,	3,	0,	0)	(1696701917.923571)	(
(-95)	(0.05, -0.34, -9.84)	(45.875, 20.0, 40.0)	(0.0, -0.001090830782496456, 0.002181661564992912)	(162.125, 0.25, 178.0625)	(0.016845703125, -0.98779296875, -0.15484619140625, 0.0)	(0.01, 0.03, -0.06)	(0.05, -0.32, -9.8)	(0,	3,	0,	0)	(1696701917.953963)	(
(-95)	(0.01, -0.28, -9.870000000000001)	(44.0625, 19.5625, 39.5625)	(-0.001090830782496456, -0.001090830782496456, 0.0)	(162.125, 0.25, 178.0625)	(0.016845703125, -0.98779296875, -0.15484619140625, 0.0)	(0.0, 0.01, -0.05)	(0.05, -0.32, -9.8)	(0,	3,	0,	0)	(1696701917.9885273)	(
(-95)	(0.06, -0.28, -9.85)	(45.875, 20.375, 39.1875)	(-0.002181661564992912, 0.0, 0.0)	(162.125, 0.25, 178.0625)	(0.016845703125, -0.98779296875, -0.15484619140625, 0.0)	(0.0, -0.06, -0.03)	(0.05, -0.32, -9.8)	(2,	3,	0,	0)	(1696701918.0180137)	(
(-95)	(0.09, -0.22, -9.870000000000001)	(45.875, 20.375, 39.1875)	(-0.001090830782496456, 0.002181661564992912, 0.0)	(162.125, 0.25, 178.0625)	(0.016845703125, -0.98779296875, -0.15484619140625, 0.0)	(0.01, -0.03, -0.01)	(0.05, -0.32, -9.8)	(2,	3,	0,	0)	(1696701918.0445933)	(
(-95)	(0.04, -0.23, -9.870000000000001)	(45.1875, 20.0, 39.5625)	(-0.004363323129985824, 0.002181661564992912, 0.002181661564992912)	(162.125, 0.25, 178.0625)	(0.01678466796875, -0.98779296875, -0.15484619140625, 0.0)	(0.01, 0.06, -0.08)	(0.05, -0.32, -9.8)	(0,	3,	0,	0)	(1696701918.077251)	(
(-95)	(0.07, -0.33, -9.88)	(45.1875, 20.0, 39.5625)	(-0.001090830782496456, 0.001090830782496456, 0.001090830782496456)	(162.125, 0.25, 178.0625)	(0.01678466796875, -0.98779296875, -0.15484619140625, 0.0)	(0.0, 0.04, -0.05)	(0.05, -0.32, -9.8)	(2,	3,	0,	0)	(1696701918.104025)	(
(-95)	(0.06, -0.32, -9.89)	(46.25, 20.375, 40.75)	(-0.001090830782496456, 0.0, 0.001090830782496456)	(162.125, 0.25, 178.0625)	(0.01678466796875, -0.98779296875, -0.15484619140625, 0.0)	(0.0, 0.01, -0.05)	(0.05, -0.32, -9.8)	(0,	3,	0,	0)	(1696701918.1348898)	(
(-95)	(0.05, -0.4, -9.8)	(44.375, 20.375, 39.1875)	(0.0, 0.002181661564992912, 0.001090830782496456)	(162.125, 0.25, 178.0625)	(0.01678466796875, -0.98779296875, -0.15484619140625, 0.0)	(0.0, 0.14, -0.1)	(0.05, -0.32, -9.8)	(0,	3,	0,	0)	(1696701918.1676853)	(
(-95)	(0.05, -0.33, -9.870000000000001)	(44.375, 20.375, 39.1875)	(0.0, 0.001090830782496456, 0.0)	(162.125, 0.25, 178.0625)	(0.01678466796875, -0.98779296875, -0.15484619140625, 0.0)	(0.01, 0.02, -0.05)	(0.05, -0.32, -8.52)	(2,	3,	0,	0)	(1696701918.1967714)	(
(-95)	(0.04, -0.31, -9.84)	(44.75, 20.0, 39.1875)	(0.001090830782496456, 0.0, 0.001090830782496456)	(162.125, 0.25, 178.0625)	(0.01678466796875, -0.98779296875, -0.15484619140625, 0.0)	(0.0, 0.0, -0.07)	(0.05, -0.32, -9.8)	(0,	3,	0,	0)	(1696701918.2281294)	(
(-95)	(0.03, -0.33, -9.83)	(-2003.25, 20.0, 39.1875)	(0.001090830782496456, 0.0, 0.0)	(162.125, 0.25, 178.0625)	(0.01678466796875, -0.98779296875, -0.15484619140625, 0.0)	(-0.02, -0.02, -0.03)	(0.05, -0.32, -9.8)	(2,	3,	0,	0)	(1696701918.2574584)	(
(-95)	(0.03, -0.32, -9.88)	(45.5625, 20.0, 39.1875)	(0.0, 0.001090830782496456, 0.001090830782496456)	(162.125, 0.25, 178.0625)	(0.01678466796875, -0.98779296875, -0.15484619140625, 0.0)	(0.0, 0.02, -0.08)	(0.05, -0.32, -9.8)	(2,	3,	0,	0)	(1696701918.2891426)	(
(-95)	(0.06, -0.27, -9.85)	(44.375, 20.375, 39.1875)	(0.0, 0.002181661564992912, -0.002181661564992912)	(162.125, 0.25, 178.0625)	(0.01678466796875, -0.98779296875, -0.15484619140625, 0.0)	(0.0, -0.01, -0.01)	(0.05, -0.32, -9.8)	(2,	3,	0,	0)	(1696701918.319715)	(
(-95)	(0.07, -0.27, -9.870000000000001)	(44.375, 20.375, 39.1875)	(0.0, 0.0, 0.001090830782496456)	(162.125, 0.25, 178.0625)	(0.01678466796875, -0.98779296875, -0.15484619140625, 0.0)	(0.0, -0.05, -0.01)	(0.05, -0.32, -9.8)	(2,	3,	0,	0)	(1696701918.3488626)	(
(-95)	(0.07, -0.3, -9.9)	(44.375, 20.0, 39.5625)	(0.0, -0.001090830782496456, -0.001090830782496456)	(162.125, 0.25, 178.0625)	(0.01678466796875, -0.98779296875, -0.15484619140625, 0.0)	(-0.02, 0.06, -0.08)	(0.05, -0.32, -9.8)	(2,	3,	0,	0)	(1696701918.3792288)	(
(-95)	(0.01, -0.31, -9.82)	(44.375, 20.0, 39.5625)	(-0.001090830782496456, -0.001090830782496456, 0.002181661564992912)	(162.125, 0.25, 178.0625)	(0.01678466796875, -0.98779296875, -0.15484619140625, 0.0)	(0.03, 0.03, -0.05)	(0.05, -0.32, -9.8)	(2,	3,	0,	0)	(1696701918.408673)	(
(-95)	(0.03, -0.34, -9.870000000000001)	(44.375, 20.375, 39.5625)	(0.0, 0.001090830782496456, -0.14180800172453928)	(162.125, 0.25, 178.0625)	(0.01678466796875, -0.98779296875, -0.15484619140625, 0.0)	(0.0, 0.01, -0.04)	(0.05, -0.32, -9.8)	(2,	3,	0,	0)	(1696701918.4398382)	(
(-95)	(0.08, -0.3, -9.83)	(45.5625, 20.75, 39.1875)	(0.0, -0.001090830782496456, 0.0)	(162.125, 0.25, 178.0625)	(0.01678466796875, -0.98779296875, -0.15484619140625, 0.0)	(0.03, 0.04, -0.06)	(0.05, -0.32, -9.8)	(2,	3,	0,	0)	(1696701918.4716496)	(
(33)	(0.01, -0.35000000000000003, -9.83)	(45.5625, 20.75, 39.1875)	(0.0, 0.001090830782496456, 0.0)	(162.125, 0.25, 178.0625)	(0.01678466796875, -0.98779296875, -0.15484619140625, 0.0)	(0.01, 0.08, -0.06)	(0.05, -0.32, -9.8)	(2,	3,	0,	0)	(1696701918.5030804)	(
(33)	(0.05, -0.24, -9.85)	(44.375, 20.0, 38.75)	(-0.001090830782496456, -0.001090830782496456, -0.002181661564992912)	(162.125, 0.25, 178.0625)	(0.01678466796875, -0.98779296875, -0.15484619140625, 0.0)	(0.01, 0.0, -0.05)	(0.05, -0.32, -9.8)	(0,	3,	0,	0)	(1696701918.5397508)	(
(-95)	(0.02, -0.33, -9.84)	(44.0625, 20.375, 39.5625)	(-0.001090830782496456, -0.003272492347489368, 0.0)	(162.125, 0.25, 178.0625)	(0.01678466796875, -0.98779296875, -0.15484619140625, 0.0)	(0.0, 0.08, -0.09)	(0.05, -0.32, -9.8)	(2,	3,	0,	0)	(1696701918.5717304)	(
(33)	(0.07, -0.4, -9.84)	(44.0625, 20.375, 39.5625)	(0.001090830782496456, 0.0, 0.001090830782496456)	(162.125, 0.25, 178.0625)	(0.01678466796875, -0.99560546875, -0.15484619140625, 0.0)	(0.0, 0.01, -0.03)	(0.05, -0.32, -9.8)	(2,	3,	0,	0)	(1696701918.6029367)	(
(33)	(0.04, -0.34, -9.85)	(43.6875, 20.75, 39.1875)	(0.002181661564992912, -0.003272492347489368, -0.001090830782496456)	(162.125, 0.25, 178.0625)	(0.01678466796875, -0.98779296875, -0.15484619140625, 0.0)	(0.0, 0.05, -0.06)	(0.05, -0.32, -9.8)	(2,	3,	0,	0)	(1696701918.639265)	(
(-95)	(0.04, -0.37, -9.85)	(45.1875, 21.0625, 39.5625)	(0.0, 0.0, 0.001090830782496456)	(162.125, 0.25, 178.0625)	(0.01678466796875, -0.98779296875, -0.15484619140625, 0.0)	(-0.01, 0.06, -0.04)	(0.05, -0.32, -9.8)	(2,	3,	0,	0)	(1696701918.6694212)	(
(-95)	(0.03, -0.33, -9.85)	(45.1875, 21.0625, 39.5625)	(0.001090830782496456, 0.001090830782496456, -0.002181661564992912)	(162.125, 0.25, 178.0625)	(0.01678466796875, -0.98779296875, -0.15484619140625, 0.0)	(0.0, -0.02, -0.07)	(0.05, -0.32, -9.8)	(2,	3,	0,	0)	(1696701918.6999888)	(
(-95)	(0.04, -0.27, -9.870000000000001)	(45.1875, 20.75, 40.0)	(0.0, 0.0, 0.001090830782496456)	(162.125, 0.25, 178.0625)	(0.01678466796875, -0.98779296875, -0.15484619140625, 0.0)	(0.0, -0.08, -0.02)	(0.05, -0.32, -9.8)	(2,	3,	0,	0)	(1696701918.7319334)	(
(-95)	(0.04, -0.26, -9.86)	(45.1875, 20.75, 40.0)	(0.002181661564992912, 0.001090830782496456, -0.001090830782496456)	(162.125, 0.25, 178.0625)	(0.01678466796875, -0.98779296875, -0.15484619140625, 0.0)	(0.0, 0.06, -0.06)	(0.05, -0.32, -9.8)	(2,	3,	0,	0)	(1696701918.7626908)	(
(33)	(0.03, -0.26, -9.85)	(44.0625, 20.0, 41.1875)	(0.0, 0.0, 0.002181661564992912)	(162.125, 0.25, 178.0625)	(0.01678466796875, -0.98779296875, -0.15484619140625, 0.0)	(0.03, 0.04, -0.03)	(0.05, -0.32, -9.8)	(0,	3,	0,	0)	(1696701918.7980888)	(
(-95)	(0.03, -0.29, -9.89)	(44.375, 19.25, 40.0)	(0.002181661564992912, 0.003272492347489368, -0.002181661564992912)	(162.125, 0.25, 178.0625)	(0.01678466796875, -0.98779296875, -0.15484619140625, 0.0)	(-0.02, -0.04, -0.05)	(0.05, -0.32, -9.8)	(0,	3,	0,	0)	(1696701918.830373)	(
(-95)	(0.04, -0.37, -9.83)	(44.375, 19.25, 40.0)	(-0.001090830782496456, 0.0, 0.0)	(162.125, 0.25, 178.0625)	(0.01678466796875, -0.98779296875, -0.15484619140625, 0.0)	(0.0, -0.05, -0.02)	(0.05, -0.32, -9.8)	(2,	3,	0,	0)	(1696701918.860729)	(
(-95)	(0.05, -0.33, -9.85)	(44.375, 20.375, 40.0)	(0.001090830782496456, 0.002181661564992912, 0.001090830782496456)	(162.125, 0.25, 178.0625)	(0.01678466796875, -0.98779296875, -0.15484619140625, 0.0)	(0.0, 0.02, -0.02)	(0.05, -0.32, -9.8)	(2,	3,	0,	0)	(1696701918.8951783)	(
(33)	(0.04, -0.33, -9.84)	(45.1875, 20.0, 40.0)	(0.001090830782496456, -0.001090830782496456, 0.0)	(162.125, 0.25, 178.0625)	(0.01678466796875, -0.98779296875, -0.15484619140625, 0.0)	(0.0, 0.0, -0.06)	(0.05, -0.32, -9.8)	(0,	3,	0,	0)	(1696701918.9283721)	(
(-95)	(0.04, -0.32, -9.870000000000001)	(45.1875, 20.0, 40.0)	(0.001090830782496456, -0.006544984694978736, 0.0)	(162.125, 0.25, 178.0625)	(0.01678466796875, -0.98779296875, -0.15484619140625, 0.0)	(0.0, 0.0, -0.06)	(0.05, -0.32, -9.8)	(0,	3,	0,	0)	(1696701918.9613192)	(
(-95)	(0.07, -0.3, -9.870000000000001)	(44.375, 19.25, 39.5625)	(-0.001090830782496456, 0.002181661564992912, 0.0)	(162.125, 0.25, 178.0625)	(0.01678466796875, -0.98779296875, -0.15484619140625, 0.0)	(-0.04, -0.02, -0.04)	(0.05, -0.32, -9.8)	(2,	3,	0,	0)	(1696701918.9930737)	(
(33)	(0.07, -0.26, -9.86)	(45.875, 20.0, 40.375)	(0.001090830782496456, 0.001090830782496456, 0.0)	(162.125, 0.25, 178.0625)	(0.01678466796875, -0.98779296875, -0.15484619140625, 0.0)	(0.01, 0.0, -0.07)	(0.05, -0.32, -9.8)	(2,	3,	0,	0)	(1696701919.0250623)	(
(33)	(0.06, -0.31, -9.84)	(45.875, 20.0, 40.375)	(0.001090830782496456, 0.0, 0.0)	(162.125, 0.25, 178.0625)	(0.01678466796875, -0.98779296875, -0.15484619140625, 0.0)	(-0.01, 0.04, -0.04)	(0.05, -0.32, -9.8)	(0,	3,	0,	0)	(1696701919.0556216)	(
(33)	(0.05, -0.24, -9.85)	(45.5625, 20.0, 38.75)	(-0.002181661564992912, 0.002181661564992912, 0.0)	(162.125, 0.25, 178.0625)	(0.01678466796875, -0.98779296875, -0.15484619140625, 0.0)	(0.0, 0.0, -0.04)	(0.05, -0.32, -9.8)	(0,	3,	0,	0)	(1696701919.0881107)	(
(-95)	(0.04, -0.34, -9.85)	(45.875, 20.75, 40.0)	(0.001090830782496456, -0.003272492347489368, -0.001090830782496456)	(162.125, 0.25, 178.0625)	(0.01678466796875, -0.98779296875, -0.15484619140625, 0.0)	(0.0, 0.05, -0.05)	(0.05, -0.32, -9.8)	(0,	3,	0,	0)	(1696701919.1180954)	(
(-95)	(0.06, -0.41000000000000003, -9.84)	(45.875, 20.75, 40.0)	(0.0, -0.001090830782496456, 0.002181661564992912)	(162.125, 0.25, 178.0625)	(0.01678466796875, -0.98779296875, -0.15484619140625, 0.0)	(0.0, 0.06, -0.07)	(0.05, -0.32, -9.8)	(0,	3,	0,	0)	(1696701919.146404)	(
(33)	(0.07, -0.28, -9.85)	(44.75, 20.375, 40.375)	(0.001090830782496456, -0.002181661564992912, 0.0)	(162.125, 0.25, 178.0625)	(0.01678466796875, -0.98779296875, -0.15484619140625, 0.0)	(0.02, 0.06, -0.05)	(0.05, -0.32, -9.8)	(0,	3,	0,	0)	(1696701919.1772807)	(
(33)	(0.08, -0.31, -9.84)	(44.75, 20.375, 40.375)	(0.001090830782496456, 0.0, -0.001090830782496456)	(162.125, 0.25, 178.0625)	(0.01678466796875, -0.98779296875, -0.15484619140625, 0.0)	(-0.01, -0.07, -0.06)	(0.05, -0.32, -9.8)	(0,	3,	0,	0)	(1696701919.2045577)	(
(33)	(0.03, -0.33, -9.85)	(45.1875, 20.0, 40.375)	(0.001090830782496456, -0.003272492347489368, 0.001090830782496456)	(162.125, 0.25, 178.0625)	(0.01678466796875, -0.98779296875, -0.15484619140625, 0.0)	(0.0, 0.05, -0.06)	(0.05, -0.32, -9.8)	(0,	3,	0,	0)	(1696701919.234792)	(
(-95)	(0.06, -0.26, -9.85)	(45.1875, 20.0, 40.375)	(0.0, -0.003272492347489368, 0.002181661564992912)	(162.125, 0.25, 178.0625)	(0.01678466796875, -0.98779296875, -0.15484619140625, 0.0)	(-0.01, -0.04, -0.02)	(0.05, -0.32, -9.8)	(2,	3,	0,	0)	(1696701919.263429)	(
(-95)	(0.07, -0.23, -9.870000000000001)	(43.6875, 19.25, 40.375)	(0.001090830782496456, -0.001090830782496456, 0.001090830782496456)	(162.125, 0.25, 178.0625)	(0.01678466796875, -0.98779296875, -0.15484619140625, 0.0)	(0.03, -0.03, -0.06)	(0.05, -0.32, -9.8)	(2,	3,	0,	0)	(1696701919.293233)	(
(33)	(0.01, -0.22, -9.86)	(45.1875, 20.375, 39.1875)	(0.0, 0.001090830782496456, 0.0)	(162.125, 0.25, 178.0625)	(0.01678466796875, -0.98779296875, -0.15484619140625, 0.0)	(0.0, 0.0, -0.07)	(0.05, -0.32, -9.8)	(2,	3,	0,	0)	(1696701919.3254783)	(
(33)	(0.05, -0.27, -9.86)	(45.1875, 20.375, 39.1875)	(0.001090830782496456, 0.003272492347489368, 0.0)	(162.125, 0.25, 178.0625)	(0.01678466796875, -0.98779296875, -0.15484619140625, 0.0)	(0.01, -0.01, -0.03)	(0.05, -0.32, -9.8)	(0,	3,	0,	0)	(1696701919.3553362)	(
(33)	(0.03, -0.3, -9.870000000000001)	(44.75, 19.25, 40.0)	(0.001090830782496456, 0.001090830782496456, 0.001090830782496456)	(162.125, 0.25, 178.0625)	(0.01678466796875, -0.98779296875, -0.15484619140625, 0.0)	(0.01, 0.06, -0.08)	(0.05, -0.32, -9.8)	(0,	3,	0,	0)	(1696701919.3868198)	(
(33)	(0.03, -0.21, -9.89)	(44.75, 20.375, 39.1875)	(-0.002181661564992912, 0.001090830782496456, 0.0)	(162.125, 0.25, 178.0625)	(0.01678466796875, -0.98779296875, -0.15484619140625, 0.0)	(-0.01, -0.1, -0.01)	(0.05, -0.32, -9.8)	(2,	3,	0,	0)	(1696701919.4168944)	(
(33)	(0.07, -0.3, -9.84)	(44.75, 20.375, 39.1875)	(0.001090830782496456, -0.001090830782496456, 0.0)	(162.125, 0.25, 178.0625)	(0.01678466796875, -0.98779296875, -0.15484619140625, 0.0)	(0.01, 0.0, -0.03)	(0.05, -0.32, -9.8)	(0,	3,	0,	0)	(1696701919.4468935)	(
(33)	(0.05, -0.31, -9.85)	(-2003.9375, 19.5625, 40.0)	(0.001090830782496456, 0.001090830782496456, -0.001090830782496456)	(162.125, 0.25, 178.0625)	(0.01678466796875, -0.98779296875, -0.15484619140625, 0.0)	(0.0, 0.04, -0.09)	(0.05, -0.32, -9.8)	(0,	3,	0,	0)	(1696701919.4793546)	(
(-95)	(0.03, -0.34, -9.84)	(44.0625, 19.5625, 40.0)	(0.001090830782496456, 0.001090830782496456, -0.001090830782496456)	(162.125, 0.25, 178.0625)	(0.01678466796875, -0.98779296875, -0.15484619140625, 0.0)	(0.03, 0.02, -0.05)	(0.05, -0.32, -9.8)	(0,	3,	0,	0)	(1696701919.5080423)	(
(-95)	(0.05, -0.31, -9.870000000000001)	(45.5625, 19.5625, 39.1875)	(-0.001090830782496456, 0.001090830782496456, 0.001090830782496456)	(162.125, 0.25, 178.0625)	(0.01678466796875, -0.98779296875, -0.15484619140625, 0.0)	(-0.03, 0.02, -0.09)	(0.05, -0.32, -9.8)	(0,	3,	0,	0)	(1696701919.540903)	(
(-95)	(0.05, -0.3, -9.83)	(45.875, 20.0, 39.5625)	(0.0, -0.001090830782496456, 0.0)	(162.125, 0.25, 178.0625)	(0.01678466796875, -0.98779296875, -0.15484619140625, 0.0)	(0.0, 0.0, -0.06)	(0.05, -0.32, -9.8)	(0,	3,	0,	0)	(1696701919.5720057)	(
(-95)	(0.05, -0.35000000000000003, -9.83)	(45.875, 20.0, 39.5625)	(0.001090830782496456, -0.001090830782496456, -0.001090830782496456)	(162.125, 0.25, 178.0625)	(0.01678466796875, -0.98779296875, -0.15484619140625, 0.0)	(0.0, -0.04, -0.04)	(0.05, -0.32, -9.8)	(2,	3,	0,	0)	(1696701919.5991495)	(
(-95)	(0.01, -0.3, -9.83)	(44.75, 20.375, 40.0)	(0.0, -0.001090830782496456, 0.002181661564992912)	(162.125, 0.25, 178.0625)	(0.01678466796875, -0.98779296875, -0.15484619140625, 0.0)	(0.01, -0.03, -0.07)	(0.05, -0.32, -9.8)	(0,	3,	0,	0)	(1696701919.62868)	(
(33)	(0.07, -0.31, -9.84)	(44.75, 20.375, 40.0)	(-0.001090830782496456, 0.001090830782496456, 0.002181661564992912)	(162.125, 0.25, 178.0625)	(0.01678466796875, -0.98779296875, -0.15484619140625, 0.0)	(0.0, 0.0, -0.07)	(0.05, -0.32, -9.8)	(0,	3,	0,	0)	(1696701919.656924)	(
(33)	(0.03, -0.33, -9.84)	(44.75, 20.0, 40.375)	(0.001090830782496456, 0.002181661564992912, 0.001090830782496456)	(162.125, 0.25, 178.0625)	(0.01678466796875, -0.98779296875, -0.15484619140625, 0.0)	(0.0, -0.02, -0.06)	(0.05, -0.32, -9.8)	(0,	3,	0,	0)	(1696701919.686572)	(
(-95)	(0.04, -0.28, -9.870000000000001)	(44.75, 20.0, 40.375)	(0.001090830782496456, -0.002181661564992912, 0.001090830782496456)	(162.125, 0.25, 178.0625)	(0.01678466796875, -0.98779296875, -0.15484619140625, 0.0)	(0.0, 0.0, -0.03)	(0.05, -0.32, -9.8)	(2,	3,	0,	0)	(1696701919.7145267)	(
(-95)	(0.02, -0.37, -9.84)	(45.5625, 20.75, 39.1875)	(0.001090830782496456, 0.002181661564992912, 0.002181661564992912)	(162.125, 0.25, 178.0625)	(0.01678466796875, -0.98779296875, -0.15484619140625, 0.0)	(-0.02, 0.0, -0.05)	(0.05, -0.32, -9.8)	(2,	3,	0,	0)	(1696701919.7440224)	(
(-95)	(0.02, -0.33, -9.85)	(44.375, 18.875, 40.0)	(-0.001090830782496456, 0.004363323129985824, 0.0)	(162.125, 0.25, 178.0625)	(0.01678466796875, -0.98779296875, -0.15484619140625, 0.0)	(0.0, 0.03, -0.05)	(0.05, -0.32, -9.8)	(2,	3,	0,	0)	(1696701919.772863)	(
(-95)	(0.04, -0.3, -9.85)	(44.375, 18.875, 40.0)	(0.0, -0.001090830782496456, 0.002181661564992912)	(162.125, 0.25, 178.0625)	(0.01678466796875, -0.98779296875, -0.15484619140625, 0.0)	(0.0, -0.01, -0.04)	(0.05, -0.32, -9.8)	(2,	3,	0,	0)	(1696701919.8015156)	(
(-95)	(0.03, -0.25, -9.86)	(45.1875, 20.0, 38.75)	(0.0, 0.0, 0.001090830782496456)	(162.125, 0.25, 178.0625)	(0.01678466796875, -0.98779296875, -0.15484619140625, 0.0)	(0.0, -0.1, -0.05)	(0.05, -0.32, -9.8)	(0,	3,	0,	0)	(1696701919.8307362)	(
(-95)	(0.07, -0.28, -9.85)	(45.1875, 20.0, 38.75)	(0.0, -0.002181661564992912, -0.001090830782496456)	(162.125, 0.25, 178.0625)	(0.01678466796875, -0.98779296875, -0.15484619140625, 0.0)	(0.0, 0.01, -0.07)	(0.05, -0.32, -9.8)	(0,	3,	0,	0)	(1696701919.858447)	(
(33)	(0.04, -0.31, -9.84)	(45.1875, 20.75, 39.5625)	(-0.001090830782496456, 0.0, 0.0)	(162.125, 0.25, 178.0625)	(0.01678466796875, -0.98779296875, -0.15484619140625, 0.0)	(-0.02, 0.0, -0.05)	(0.05, -0.32, -9.8)	(0,	3,	0,	0)	(1696701919.8927088)	(
(-95)	(0.04, -0.28, -9.86)	(46.25, 19.5625, 38.75)	(-0.001090830782496456, -0.001090830782496456, 0.0)	(162.125, 0.25, 178.0625)	(0.01678466796875, -0.98779296875, -0.15484619140625, 0.0)	(0.0, 0.05, -0.07)	(0.05, -0.32, -9.8)	(2,	3,	0,	0)	(1696701919.9222414)	(
(-95)	(0.04, -0.32, -9.85)	(-2001.75, 19.5625, 38.75)	(0.0, -0.002181661564992912, 0.0)	(162.125, 0.25, 178.0625)	(0.01678466796875, -0.98779296875, -0.15484619140625, 0.0)	(-0.02, 0.0, -0.05)	(0.05, -0.32, -9.8)	(0,	3,	0,	0)	(1696701919.9495337)	(
(-95)	(0.05, -0.37, -9.83)	(44.0625, 20.375, 40.375)	(0.001090830782496456, 0.001090830782496456, 0.001090830782496456)	(162.125, 0.25, 178.0625)	(0.01678466796875, -0.98779296875, -0.15484619140625, 0.0)	(0.0, -0.01, -0.06)	(0.05, -0.32, -9.8)	(0,	3,	0,	0)	(1696701919.9813254)	(
(-95)	(0.06, -0.4, -9.81)	(44.0625, 20.375, 40.375)	(-0.001090830782496456, 0.006544984694978736, 0.001090830782496456)	(162.125, 0.25, 178.0625)	(0.01678466796875, -0.98779296875, -0.15484619140625, 0.0)	(0.0, 0.11, -0.04)	(0.05, -0.32, -9.8)	(0,	3,	0,	0)	(1696701920.00743)	(
(33)	(0.03, -0.39, -9.84)	(44.375, 19.25, 39.1875)	(0.002181661564992912, -0.001090830782496456, -0.001090830782496456)	(162.125, 0.25, 178.0625)	(0.01678466796875, -0.98779296875, -0.15484619140625, 0.0)	(0.0, 0.05, -0.07)	(0.05, -0.32, -9.8)	(0,	3,	0,	0)	(1696701920.0415423)	(
(-95)	(0.04, -0.26, -9.86)	(45.5625, 20.75, 39.1875)	(-0.001090830782496456, 0.0, 0.0)	(162.125, 0.25, 178.0625)	(0.01678466796875, -0.98779296875, -0.15484619140625, 0.0)	(-0.02, -0.03, -0.06)	(0.05, -0.32, -9.8)	(0,	3,	0,	0)	(1696701920.0697327)	(
(33)	(0.02, -0.36, -9.85)	(45.5625, 20.75, 39.1875)	(0.0, -0.001090830782496456, 0.001090830782496456)	(162.125, 0.25, 178.0625)	(0.01678466796875, -0.98779296875, -0.15484619140625, 0.0)	(0.0, -0.07, -0.03)	(0.05, -0.32, -9.8)	(0,	3,	0,	0)	(1696701920.0988317)	(
(33)	(0.05, -0.37, -9.84)	(45.1875, 20.0, 39.5625)	(0.0, -0.003272492347489368, 0.001090830782496456)	(162.125, 0.25, 178.0625)	(0.01678466796875, -0.98779296875, -0.15484619140625, 0.0)	(0.0, 0.01, -0.08)	(0.05, -0.32, -9.8)	(0,	3,	0,	0)	(1696701920.1284418)	(
(33)	(0.06, -0.31, -9.88)	(45.1875, 20.0, 39.5625)	(0.001090830782496456, -0.001090830782496456, 0.0)	(162.125, 0.25, 178.0625)	(0.01678466796875, -0.98779296875, -0.15484619140625, 0.0)	(0.01, 0.01, -0.08)	(0.05, -0.32, -9.8)	(0,	3,	0,	0)	(1696701920.1566994)	(
(33)	(0.05, -0.36, -9.84)	(44.375, 20.375, 40.375)	(-0.001090830782496456, -0.001090830782496456, 0.001090830782496456)	(162.125, 0.25, 178.0625)	(0.01678466796875, -0.98779296875, -0.15484619140625, 0.0)	(-0.02, 0.0, -0.04)	(0.05, -0.32, 317.88)	(2,	3,	0,	0)	(1696701920.1873267)	(
(-95)	(0.05, -0.31, -9.84)	(44.375, 20.375, 40.375)	(-0.002181661564992912, -0.001090830782496456, 0.001090830782496456)	(162.125, 0.25, 178.0625)	(0.01678466796875, -0.98779296875, -0.15484619140625, 0.0)	(-0.01, 0.02, -0.06)	(0.05, -0.32, -9.8)	(2,	3,	0,	0)	(1696701920.2142835)	(
(-95)	(0.02, -0.36, -9.870000000000001)	(45.1875, 20.375, 39.1875)	(0.001090830782496456, 0.001090830782496456, 0.0)	(162.125, 0.25, 178.0625)	(0.01678466796875, -0.98779296875, -0.15484619140625, 0.0)	(0.0, -0.05, -0.01)	(0.05, -0.32, -9.8)	(2,	3,	0,	0)	(1696701920.241479)	(
(-95)	(0.04, -0.3, -9.84)	(44.75, 20.0, 40.0)	(0.0, 0.002181661564992912, 0.001090830782496456)	(162.125, 0.25, 178.0625)	(0.01678466796875, -0.98779296875, -0.15484619140625, 0.0)	(0.0, 0.01, -0.02)	(0.05, -0.32, -9.8)	(0,	3,	0,	0)	(1696701920.2742248)	(
(-95)	(0.06, -0.33, -9.85)	(44.75, 20.0, 40.0)	(0.002181661564992912, -0.003272492347489368, 0.002181661564992912)	(162.125, 0.25, 178.0625)	(0.01678466796875, -0.98779296875, -0.15484619140625, 0.0)	(0.01, 0.0, -0.06)	(0.05, -0.32, -9.8)	(2,	3,	0,	0)	(1696701920.3021624)	(
(-95)	(0.05, -0.32, -9.870000000000001)	(45.1875, 20.375, 39.5625)	(0.0, 0.001090830782496456, 0.0)	(162.125, 0.25, 178.0625)	(0.01678466796875, -0.98779296875, -0.15484619140625, 0.0)	(-0.03, 0.01, -0.06)	(0.05, -0.32, -9.8)	(0,	3,	0,	0)	(1696701920.3342254)	(
(-95)	(0.05, -0.29, -9.85)	(45.1875, 20.375, 39.5625)	(0.001090830782496456, 0.001090830782496456, 0.0)	(162.125, 0.25, 178.0625)	(0.01678466796875, -0.98779296875, -0.15484619140625, 0.0)	(-0.01, 0.0, -0.05)	(0.05, -0.32, -9.8)	(2,	3,	0,	0)	(1696701920.3647842)	(
(-95)	(0.04, -0.32, -9.85)	(44.75, 20.0, 39.1875)	(0.001090830782496456, -0.001090830782496456, 0.001090830782496456)	(162.125, 0.25, 178.0625)	(0.01678466796875, -0.98779296875, -0.15484619140625, 0.0)	(0.0, 0.0, -0.07)	(0.05, -0.32, -9.8)	(2,	3,	0,	0)	(1696701920.3960912)	(
(-95)	(0.04, -0.28, -9.84)	(44.375, 20.375, 40.0)	(0.0, 0.001090830782496456, 0.002181661564992912)	(162.125, 0.25, 178.0625)	(0.01678466796875, -0.98779296875, -0.15484619140625, 0.0)	(0.03, 0.05, -0.04)	(0.05, -0.32, -9.8)	(2,	3,	0,	0)	(1696701920.42439)	(
(-95)	(0.08, -0.34, -9.86)	(44.375, 20.375, 40.0)	(0.002181661564992912, -0.002181661564992912, -0.001090830782496456)	(162.125, 0.25, 178.0625)	(0.01678466796875, -0.98779296875, -0.15484619140625, 0.0)	(0.01, 0.04, -0.04)	(0.05, -0.32, -9.8)	(0,	3,	0,	0)	(1696701920.451878)	(
(-95)	(0.05, -0.33, -9.84)	(45.1875, 19.5625, 40.75)	(-0.001090830782496456, 0.001090830782496456, -0.001090830782496456)	(162.125, 0.25, 178.0625)	(0.01678466796875, -0.98779296875, -0.15484619140625, 0.0)	(-0.01, 0.09, -0.06)	(0.05, -0.32, -9.8)	(0,	3,	0,	0)	(1696701920.4809585)	(
(33)	(0.02, -0.36, -9.82)	(45.1875, 19.5625, 40.75)	(0.001090830782496456, 0.0, 0.0)	(162.125, 0.25, 178.0625)	(0.01678466796875, -0.98779296875, -0.15484619140625, 0.0)	(0.0, 0.08, -0.05)	(0.05, -0.32, -9.8)	(0,	3,	0,	0)	(1696701920.5093608)	(
(33)	(0.05, -0.45, -9.84)	(44.75, 19.5625, 40.0625)	(0.0, 0.001090830782496456, 0.001090830782496456)	(162.125, 0.25, 178.0625)	(0.01678466796875, -0.98779296875, -0.15484619140625, 0.0)	(0.01, 0.0, -0.05)	(0.05, -0.32, -9.8)	(0,	3,	0,	0)	(1696701920.539044)	(
(-95)	(0.08, -0.3, -9.870000000000001)	(44.75, 19.5625, 40.0625)	(0.0, 0.002181661564992912, 0.003272492347489368)	(162.125, 0.25, 178.0625)	(0.01678466796875, -0.98779296875, -0.15484619140625, 0.0)	(-0.02, 0.03, -0.04)	(0.05, -0.32, -9.8)	(2,	3,	0,	0)	(1696701920.5666978)	(
(-95)	(0.05, -0.24, -9.870000000000001)	(44.375, 20.375, 39.5625)	(0.0, 0.002181661564992912, 0.002181661564992912)	(162.125, 0.25, 178.0625)	(0.01678466796875, -0.98779296875, -0.15484619140625, 0.0)	(-0.01, -0.08, -0.05)	(0.05, -0.32, -9.8)	(2,	3,	0,	0)	(1696701920.5970325)	(
(-95)	(0.04, -0.29, -9.86)	(44.375, 20.375, 38.75)	(0.0, 0.0, 0.0)	(162.125, 0.25, 178.0625)	(0.01678466796875, -0.98779296875, -0.15484619140625, 0.0)	(0.0, 0.0, -0.07)	(0.05, -0.32, -9.8)	(2,	3,	0,	0)	(1696701920.6290722)	(
(33)	(0.05, -0.3, -9.88)	(44.375, 20.375, 38.75)	(0.001090830782496456, 0.001090830782496456, 0.002181661564992912)	(162.125, 0.25, 178.0625)	(0.01678466796875, -0.98779296875, -0.15484619140625, 0.0)	(0.02, 0.0, -0.01)	(0.05, -0.32, -9.8)	(2,	3,	0,	0)	(1696701920.6619205)	(
(-95)	(0.04, -0.25, -9.870000000000001)	(44.0625, 20.0, 39.5625)	(-0.001090830782496456, -0.002181661564992912, 0.0)	(162.125, 0.25, 178.0625)	(0.01678466796875, -0.98779296875, -0.15484619140625, 0.0)	(0.02, -0.02, -0.03)	(0.05, -0.32, -9.8)	(0,	3,	0,	0)	(1696701920.695652)	(
(-95)	(0.05, -0.29, -9.84)	(44.375, 20.375, 40.0625)	(0.0, 0.001090830782496456, -0.002181661564992912)	(162.125, 0.25, 178.0625)	(0.01678466796875, -0.98779296875, -0.15484619140625, 0.0)	(-0.01, 0.02, -0.06)	(0.05, -0.32, -9.8)	(2,	3,	0,	0)	(1696701920.727021)	(
(-95)	(0.03, -0.35000000000000003, -9.85)	(44.375, 20.375, 40.0625)	(0.002181661564992912, -0.001090830782496456, -0.002181661564992912)	(162.125, 0.25, 178.0625)	(0.01678466796875, -0.98779296875, -0.15484619140625, 0.0)	(0.01, 0.01, -0.06)	(0.05, -0.32, -9.8)	(2,	3,	0,	0)	(1696701920.7537928)	(
(-95)	(0.06, -0.37, -9.84)	(44.375, 20.75, 40.375)	(0.0, 0.002181661564992912, -0.002181661564992912)	(162.125, 0.25, 178.0625)	(0.01678466796875, -0.98779296875, -0.15484619140625, 0.0)	(0.0, 0.06, -0.1)	(0.05, -0.32, -9.8)	(0,	3,	0,	0)	(1696701920.7828703)	(
(-95)	(0.04, -0.26, -9.86)	(44.375, 20.75, 40.375)	(-0.002181661564992912, -0.002181661564992912, -0.001090830782496456)	(162.125, 0.25, 178.0625)	(0.01678466796875, -0.98779296875, -0.15484619140625, 0.0)	(0.01, 0.0, -0.04)	(0.05, -0.32, -9.8)	(0,	3,	0,	0)	(1696701920.8126273)	(
(-95)	(0.06, -0.32, -9.88)	(44.75, 20.75, 38.375)	(0.002181661564992912, 0.001090830782496456, -0.002181661564992912)	(162.125, 0.25, 178.0625)	(0.01678466796875, -0.98779296875, -0.15484619140625, 0.0)	(-0.01, 0.0, -0.06)	(0.05, -0.32, -9.8)	(0,	3,	0,	0)	(1696701920.8411207)	(
(-95)	(0.07, -0.29, -9.870000000000001)	(45.5625, 20.375, 40.375)	(0.001090830782496456, 0.001090830782496456, 0.001090830782496456)	(162.125, 0.25, 178.0625)	(0.01678466796875, -0.98779296875, -0.15484619140625, 0.0)	(0.02, 0.09, -0.04)	(0.05, -0.32, -9.8)	(2,	3,	0,	0)	(1696701920.870809)	(
(33)	(0.0, -0.29, -9.85)	(45.5625, 20.375, 40.375)	(-0.001090830782496456, 0.001090830782496456, 0.001090830782496456)	(162.125, 0.25, 178.0625)	(0.01678466796875, -0.98779296875, -0.15484619140625, 0.0)	(0.0, 0.0, -0.05)	(0.05, -0.32, -9.8)	(0,	3,	0,	0)	(1696701920.9010963)	(
(33)	(0.06, -0.31, -9.85)	(45.5625, 20.75, 39.5625)	(0.0, -0.00545415391248228, -0.001090830782496456)	(162.125, 0.25, 178.0625)	(0.01678466796875, -0.98779296875, -0.15484619140625, 0.0)	(-0.01, -0.01, -0.04)	(0.05, -0.32, -9.8)	(0,	3,	0,	0)	(1696701920.9320295)	(
(33)	(0.05, -0.29, -9.85)	(45.5625, 20.75, 39.5625)	(0.001090830782496456, 0.0, -0.001090830782496456)	(162.125, 0.25, 178.0625)	(0.01678466796875, -0.98779296875, -0.15484619140625, 0.0)	(0.0, 0.0, -0.04)	(0.05, -0.32, -9.8)	(0,	3,	0,	0)	(1696701920.960608)	(
(33)	(0.05, -0.33, -9.88)	(43.375, 20.0, 39.25)	(-0.001090830782496456, 0.0, 0.0)	(162.125, 0.25, 178.0625)	(0.01678466796875, -0.98779296875, -0.15484619140625, 0.0)	(0.02, 0.05, -0.08)	(0.05, -0.32, -9.8)	(0,	3,	0,	0)	(1696701920.9914255)	(
(-95)	(0.06, -0.38, -9.85)	(43.375, 20.0, 39.25)	(0.002181661564992912, -0.003272492347489368, 0.0)	(162.125, 0.25, 178.0625)	(0.01678466796875, -0.98779296875, -0.15484619140625, 0.0)	(-0.01, 0.06, -0.07)	(0.05, -0.32, -9.8)	(2,	3,	0,	0)	(1696701921.0193367)	(
(-95)	(0.04, -0.32, -9.870000000000001)	(44.75, 20.0, 40.75)	(0.001090830782496456, -0.001090830782496456, 0.001090830782496456)	(162.125, 0.25, 178.0625)	(0.01678466796875, -0.98779296875, -0.15484619140625, 0.0)	(0.01, 0.0, -0.06)	(0.05, -0.32, -9.8)	(2,	3,	0,	0)	(1696701921.0495949)	(
(-95)	(0.02, -0.28, -9.86)	(43.6875, 20.75, 40.375)	(0.0, -0.002181661564992912, 0.0)	(162.125, 0.25, 178.0625)	(0.01678466796875, -0.98779296875, -0.15484619140625, 0.0)	(0.01, -0.05, -0.03)	(0.05, -0.32, -9.8)	(2,	3,	0,	0)	(1696701921.0788043)	(
(-95)	(0.06, -0.25, -9.88)	(43.6875, 20.75, 40.375)	(0.0, 0.001090830782496456, 0.0)	(162.125, 0.25, 178.0625)	(0.01678466796875, -0.98779296875, -0.15484619140625, 0.0)	(-0.01, -0.03, -0.01)	(0.05, -0.32, -9.8)	(2,	3,	0,	0)	(1696701921.1049778)	(
(-95)	(0.05, -0.33, -9.85)	(46.25, 20.0, 39.1875)	(0.0, 0.001090830782496456, -0.001090830782496456)	(162.125, 0.25, 178.0625)	(0.01678466796875, -0.98779296875, -0.15484619140625, 0.0)	(-0.01, 0.01, -0.06)	(0.05, -0.32, -9.8)	(0,	3,	0,	0)	(1696701921.134005)	(
(-95)	(0.02, -0.34, -9.84)	(46.25, 20.0, 39.1875)	(0.0, -0.001090830782496456, -0.001090830782496456)	(162.125, 0.25, 178.0625)	(0.01678466796875, -0.98779296875, -0.15484619140625, 0.0)	(0.0, 0.04, -0.06)	(0.05, -0.32, -9.8)	(0,	3,	0,	0)	(1696701921.1613245)	(
(33)	(0.05, -0.32, -9.85)	(45.5625, 19.25, 39.25)	(0.0, 0.002181661564992912, -0.002181661564992912)	(162.125, 0.25, 178.0625)	(0.01678466796875, -0.98779296875, -0.15484619140625, 0.0)	(0.01, -0.03, -0.05)	(0.05, -0.32, -9.8)	(0,	3,	0,	0)	(1696701921.1907108)	(
(-95)	(0.04, -0.38, -9.84)	(45.5625, 19.25, 39.25)	(-0.001090830782496456, 0.001090830782496456, -0.001090830782496456)	(162.125, 0.25, 178.0625)	(0.01678466796875, -0.98779296875, -0.15484619140625, 0.0)	(0.0, 0.06, -0.05)	(0.05, -0.32, -9.8)	(2,	3,	0,	0)	(1696701921.2186306)	(
(-95)	(0.07, -0.26, -9.89)	(46.25, 20.375, 39.5625)	(-0.001090830782496456, 0.0, -0.001090830782496456)	(162.125, 0.25, 178.0625)	(0.01678466796875, -0.98779296875, -0.15484619140625, 0.0)	(-0.02, -0.01, -0.03)	(0.05, -0.32, -9.8)	(2,	3,	0,	0)	(1696701921.2485917)	(
(-95)	(0.03, -0.27, -9.84)	(44.375, 20.0, 38.75)	(0.0, 0.001090830782496456, 0.0)	(162.125, 0.25, 178.0625)	(0.01678466796875, -0.98779296875, -0.15484619140625, 0.0)	(0.0, 0.0, -0.03)	(0.05, -0.32, -9.8)	(2,	3,	0,	0)	(1696701921.2775025)	(
(-95)	(0.05, -0.33, -9.870000000000001)	(44.375, 20.0, 38.75)	(0.001090830782496456, 0.001090830782496456, 0.001090830782496456)	(162.125, 0.25, 178.0625)	(0.01678466796875, -0.98779296875, -0.15484619140625, 0.0)	(-0.01, 0.03, -0.05)	(0.05, -0.32, -9.8)	(2,	3,	0,	0)	(1696701921.3054116)	(
(-95)	(0.05, -0.31, -9.9)	(45.1875, 19.5625, 38.0)	(0.001090830782496456, -0.002181661564992912, 0.001090830782496456)	(162.125, 0.25, 178.0625)	(0.01678466796875, -0.98779296875, -0.15484619140625, 0.0)	(0.02, 0.0, -0.05)	(0.05, -0.32, -9.8)	(0,	3,	0,	0)	(1696701921.3344889)	(
(-95)	(0.04, -0.35000000000000003, -9.82)	(45.1875, 19.5625, 38.0)	(0.001090830782496456, -0.002181661564992912, 0.001090830782496456)	(162.125, 0.25, 178.0625)	(0.01678466796875, -0.98779296875, -0.15484619140625, 0.0)	(-0.02, 0.02, -0.02)	(0.05, -0.32, -9.8)	(0,	3,	0,	0)	(1696701921.363849)	(
(33)	(0.05, -0.23, -9.870000000000001)	(44.375, 20.375, 40.375)	(0.001090830782496456, 0.0, 0.0)	(162.125, 0.25, 178.0625)	(0.01678466796875, -0.98779296875, -0.15484619140625, 0.0)	(0.0, -0.01, -0.06)	(0.05, -0.32, -9.8)	(0,	3,	0,	0)	(1696701921.3927002)	(
(-95)	(0.04, -0.29, -9.83)	(44.375, 20.375, 40.375)	(0.002181661564992912, -0.002181661564992912, 0.0)	(162.125, 0.25, 178.0625)	(0.01678466796875, -0.98779296875, -0.15484619140625, 0.0)	(0.0, 0.02, -0.05)	(0.05, -0.32, -9.8)	(2,	3,	0,	0)	(1696701921.4208457)	(
(-95)	(0.04, -0.34, -9.870000000000001)	(44.375, 20.375, 40.0625)	(-0.002181661564992912, -0.002181661564992912, 0.001090830782496456)	(162.125, 0.25, 178.0625)	(0.01678466796875, -0.98779296875, -0.15484619140625, 0.0)	(0.01, 0.01, -0.09)	(0.05, -0.32, -9.8)	(2,	3,	0,	0)	(1696701921.450328)	(
(-95)	(0.02, -0.35000000000000003, -9.83)	(44.75, 21.0625, 39.5625)	(0.0, -0.001090830782496456, 0.001090830782496456)	(162.125, 0.25, 178.0625)	(0.01678466796875, -0.98779296875, -0.15484619140625, 0.0)	(0.0, 0.01, -0.07)	(0.05, -0.32, -9.8)	(2,	3,	0,	0)	(1696701921.4792466)	(
(-95)	(0.07, -0.38, -9.85)	(44.75, 21.0625, 39.5625)	(0.0, 0.0, 0.001090830782496456)	(162.125, 0.25, 178.0625)	(0.01678466796875, -0.98779296875, -0.15484619140625, 0.0)	(0.0, 0.01, -0.04)	(0.05, -0.32, -9.8)	(2,	3,	0,	0)	(1696701921.507194)	(
(-95)	(0.07, -0.29, -9.86)	(45.875, 20.0, 38.375)	(0.0, -0.003272492347489368, 0.001090830782496456)	(162.125, 0.25, 178.0625)	(0.01678466796875, -0.98779296875, -0.15484619140625, 0.0)	(0.0, -0.02, -0.06)	(0.05, -0.32, -9.8)	(0,	3,	0,	0)	(1696701921.5352914)	(
(33)	(0.06, -0.31, -9.85)	(45.875, 20.0, 38.375)	(0.001090830782496456, -0.001090830782496456, 0.0)	(162.125, 0.25, 178.0625)	(0.01678466796875, -0.98779296875, -0.15484619140625, 0.0)	(-0.03, -0.02, -0.03)	(0.05, -0.32, -9.8)	(0,	3,	0,	0)	(1696701921.5658984)	(
(-95)	(0.03, -0.31, -9.86)	(45.1875, 19.5625, 39.1875)	(-0.002181661564992912, -0.004363323129985824, 0.0)	(162.125, 0.25, 178.0625)	(0.01678466796875, -0.98779296875, -0.15484619140625, 0.0)	(0.01, 0.03, -0.07)	(0.05, -0.32, -9.8)	(0,	3,	0,	0)	(1696701921.5963602)	(
(-95)	(0.05, -0.22, -9.88)	(44.0625, 20.0, 39.1875)	(-0.001090830782496456, -0.002181661564992912, 0.001090830782496456)	(162.125, 0.25, 178.0625)	(0.01678466796875, -0.98779296875, -0.15484619140625, 0.0)	(0.0, 0.08, -0.09)	(0.05, -0.32, -9.8)	(2,	3,	0,	0)	(1696701921.6240041)	(
(33)	(0.08, -0.31, -9.82)	(44.0625, 20.0, 39.1875)	(0.001090830782496456, 0.0, 0.001090830782496456)	(162.125, 0.25, 178.0625)	(0.01678466796875, -0.98779296875, -0.15484619140625, 0.0)	(0.0, 0.04, -0.04)	(0.05, -0.32, -9.8)	(0,	3,	0,	0)	(1696701921.655328)	(
(-95)	(0.06, -0.32, -9.85)	(45.875, 20.375, 39.5625)	(0.0, -0.001090830782496456, 0.001090830782496456)	(162.125, 0.25, 178.0625)	(0.01678466796875, -0.98779296875, -0.15484619140625, 0.0)	(0.01, 0.07, -0.08)	(0.05, -0.32, -9.8)	(0,	3,	0,	0)	(1696701921.685379)	(
(-95)	(0.0, -0.33, -9.83)	(45.875, 20.375, 39.5625)	(-0.001090830782496456, -0.002181661564992912, -0.001090830782496456)	(162.125, 0.25, 178.0625)	(0.01678466796875, -0.98779296875, -0.15484619140625, 0.0)	(0.03, 0.02, -0.07)	(0.05, -0.32, -9.8)	(0,	3,	0,	0)	(1696701921.7134712)	(
(33)	(0.03, -0.34, -9.84)	(45.1875, 20.0, 39.1875)	(-0.001090830782496456, 0.0, 0.0)	(162.125, 0.25, 178.0625)	(0.01678466796875, -0.98779296875, -0.15484619140625, 0.0)	(0.01, 0.01, -0.04)	(0.05, -0.32, -9.8)	(0,	3,	0,	0)	(1696701921.7438624)	(
(33)	(0.04, -0.35000000000000003, -9.870000000000001)	(45.5625, 20.375, 39.25)	(0.001090830782496456, 0.002181661564992912, -0.002181661564992912)	(162.125, 0.25, 178.0625)	(0.01678466796875, -0.98779296875, -0.15484619140625, 0.0)	(0.0, 0.0, -0.04)	(0.05, -0.32, -9.8)	(2,	3,	0,	0)	(1696701921.774672)	(
(33)	(0.05, -0.38, -9.83)	(45.5625, 20.375, 39.25)	(-0.001090830782496456, 0.003272492347489368, -0.001090830782496456)	(162.125, 0.25, 178.0625)	(0.01678466796875, -0.98779296875, -0.15484619140625, 0.0)	(0.0, 0.0, -0.04)	(0.05, -0.32, -9.8)	(0,	3,	0,	0)	(1696701921.805225)	(
(33)	(0.01, -0.31, -9.85)	(43.75, 20.0, 38.375)	(-0.001090830782496456, -0.001090830782496456, 0.0)	(162.125, 0.25, 178.0625)	(0.01678466796875, -0.98779296875, -0.15484619140625, 0.0)	(0.0, 0.03, -0.05)	(0.05, -0.32, -9.8)	(0,	3,	0,	0)	(1696701921.8366175)	(
(-95)	(0.02, -0.25, -9.86)	(43.75, 20.0, 38.375)	(0.0, 0.002181661564992912, 0.0)	(162.125, 0.25, 178.0625)	(0.01678466796875, -0.98779296875, -0.15484619140625, 0.0)	(-0.02, -0.03, -0.02)	(0.05, -0.32, -9.8)	(0,	3,	0,	0)	(1696701921.863785)	(
(33)	(0.07, -0.24, -9.91)	(45.1875, 20.375, 39.5625)	(0.001090830782496456, 0.001090830782496456, -0.002181661564992912)	(162.125, 0.25, 178.0625)	(0.01678466796875, -0.98779296875, -0.15484619140625, 0.0)	(-0.01, -0.04, -0.05)	(0.05, -0.32, -9.8)	(0,	3,	0,	0)	(1696701921.8944328)	(
(-95)	(0.03, -0.22, -9.9)	(45.1875, 20.375, 39.5625)	(0.0, -0.001090830782496456, 0.0)	(162.125, 0.25, 178.0625)	(0.01678466796875, -0.98779296875, -0.15484619140625, 0.0)	(0.01, 0.0, -0.04)	(0.05, -0.32, -9.8)	(2,	3,	0,	0)	(1696701921.922295)	(
(-95)	(0.03, -0.39, -9.85)	(44.0625, 20.375, 39.1875)	(0.0, 0.001090830782496456, -0.002181661564992912)	(162.125, 0.25, 178.0625)	(0.01678466796875, -0.98779296875, -0.15484619140625, 0.0)	(0.0, -0.04, -0.04)	(0.05, -0.32, -9.8)	(2,	3,	0,	0)	(1696701921.9520814)	(
(-95)	(0.0, -0.4, -9.84)	(45.1875, 20.375, 39.5625)	(0.0, 0.002181661564992912, -0.001090830782496456)	(162.125, 0.25, 178.0625)	(0.01678466796875, -0.98779296875, -0.15484619140625, 0.0)	(0.02, 0.07, -0.05)	(0.05, -0.32, -9.8)	(2,	3,	0,	0)	(1696701921.9813828)	(
(-95)	(0.02, -0.3, -9.85)	(45.1875, 20.375, 39.5625)	(0.003272492347489368, 0.001090830782496456, -0.003272492347489368)	(162.125, 0.25, 178.0625)	(0.01678466796875, -0.98779296875, -0.15484619140625, 0.0)	(-0.02, -0.01, -0.03)	(0.05, -0.32, -9.8)	(2,	3,	0,	0)	(1696701922.0079415)	(
(-95)	(0.06, -0.3, -9.85)	(45.1875, 20.375, 40.0)	(0.002181661564992912, 0.0, 0.0)	(162.125, 0.25, 178.0625)	(0.01678466796875, -0.98779296875, -0.15484619140625, 0.0)	(0.0, -0.01, -0.06)	(0.05, -0.32, -9.8)	(0,	3,	0,	0)	(1696701922.0386016)	(
(-95)	(0.04, -0.29, -9.84)	(45.1875, 20.375, 40.0)	(-0.002181661564992912, -0.001090830782496456, 0.001090830782496456)	(162.125, 0.25, 178.0625)	(0.01678466796875, -0.98779296875, -0.15484619140625, 0.0)	(0.01, 0.02, -0.04)	(0.05, -0.32, -9.8)	(0,	3,	0,	0)	(1696701922.0646548)	(
(33)	(0.06, -0.29, -9.85)	(44.0625, 20.75, 38.375)	(0.0, -0.003272492347489368, 0.002181661564992912)	(162.125, 0.25, 178.0625)	(0.01678466796875, -0.98779296875, -0.15484619140625, 0.0)	(0.0, 0.01, -0.06)	(0.05, -0.32, -9.8)	(0,	3,	0,	0)	(1696701922.0948722)	(
(-95)	(0.05, -0.31, -9.83)	(44.0625, 20.75, 38.375)	(0.0, -0.002181661564992912, 0.0)	(162.125, 0.25, 178.0625)	(0.01678466796875, -0.98779296875, -0.15484619140625, 0.0)	(0.0, 0.01, -0.03)	(0.05, -0.32, -9.8)	(2,	3,	0,	0)	(1696701922.1231906)	(
(-95)	(0.03, -0.32, -9.870000000000001)	(45.5625, 20.0, 40.375)	(0.001090830782496456, 0.0, 0.0)	(162.125, 0.25, 178.0625)	(0.01678466796875, -0.98779296875, -0.15484619140625, 0.0)	(0.01, 0.03, -0.06)	(0.05, -0.32, -9.8)	(2,	3,	0,	0)	(1696701922.1525092)	(
(-95)	(0.08, -0.33, -9.84)	(44.0625, 20.375, 39.25)	(-0.001090830782496456, 0.002181661564992912, 0.003272492347489368)	(162.125, 0.25, 178.0625)	(0.01678466796875, -0.98779296875, -0.15484619140625, 0.0)	(-0.01, 0.01, -0.06)	(0.05, -0.32, -9.8)	(2,	3,	0,	0)	(1696701922.182382)	(
(-95)	(0.06, -0.28, -9.86)	(44.0625, 20.375, 39.25)	(0.0, 0.004363323129985824, 0.001090830782496456)	(162.125, 0.25, 178.0625)	(0.01678466796875, -0.98779296875, -0.15484619140625, 0.0)	(0.0, -0.06, -0.02)	(0.05, -0.32, -9.8)	(2,	3,	0,	0)	(1696701922.211213)	(
(-95)	(0.05, -0.33, -9.84)	(45.1875, 19.5625, 39.1875)	(0.0, 0.004363323129985824, 0.0)	(162.125, 0.25, 178.0625)	(0.01678466796875, -0.98779296875, -0.15484619140625, 0.0)	(-0.02, 0.0, -0.06)	(0.05, -0.32, -9.8)	(2,	3,	0,	0)	(1696701922.2415175)	(
(-95)	(0.04, -0.31, -9.870000000000001)	(45.1875, 19.5625, 39.1875)	(0.0, 0.002181661564992912, 0.0)	(162.125, 0.25, 178.0625)	(0.01678466796875, -0.98779296875, -0.15484619140625, 0.0)	(0.0, 0.04, -0.01)	(0.05, -0.32, -9.8)	(2,	3,	0,	0)	(1696701922.2672822)	(
(33)	(0.06, -0.29, -9.86)	(45.1875, 20.0, 40.375)	(-0.001090830782496456, 0.001090830782496456, 0.002181661564992912)	(162.125, 0.25, 178.0625)	(0.01678466796875, -0.98779296875, -0.15484619140625, 0.0)	(0.0, -0.03, -0.05)	(0.05, -0.32, -9.8)	(0,	3,	0,	0)	(1696701922.2955868)	(
(-95)	(0.04, -0.41000000000000003, -9.82)	(44.375, 20.375, 39.25)	(0.0, 0.002181661564992912, 0.0)	(162.125, 0.25, 178.0625)	(0.01678466796875, -0.98779296875, -0.15484619140625, 0.0)	(-0.01, -0.01, -0.04)	(0.05, -0.32, -9.8)	(2,	3,	0,	0)	(1696701922.324527)	(
(33)	(0.03, -0.29, -9.9)	(44.375, 20.375, 39.25)	(0.002181661564992912, 0.001090830782496456, 0.001090830782496456)	(162.125, 0.25, 178.0625)	(0.01678466796875, -0.98779296875, -0.15484619140625, 0.0)	(0.0, -0.01, -0.02)	(0.05, -0.32, -9.8)	(0,	3,	0,	0)	(1696701922.3545113)	(
(33)	(0.03, -0.34, -9.86)	(44.375, 19.5625, 40.75)	(0.0, 0.0, 0.002181661564992912)	(162.125, 0.25, 178.0625)	(0.01678466796875, -0.98779296875, -0.15484619140625, 0.0)	(-0.02, -0.05, -0.04)	(0.05, -0.32, -9.8)	(2,	3,	0,	0)	(1696701922.3839204)	(
(-95)	(0.02, -0.31, -9.84)	(44.375, 19.5625, 40.75)	(-0.001090830782496456, 0.00545415391248228, 0.002181661564992912)	(162.125, 0.25, 178.0625)	(0.01678466796875, -0.98779296875, -0.15484619140625, 0.0)	(0.02, 0.01, -0.07)	(0.05, -0.32, -9.8)	(2,	3,	0,	0)	(1696701922.412757)	(
(-95)	(0.03, -0.31, -9.85)	(44.75, 20.75, 40.0)	(0.001090830782496456, 0.003272492347489368, 0.0)	(162.125, 0.25, 178.0625)	(0.01678466796875, -0.98779296875, -0.15484619140625, 0.0)	(0.0, 0.01, -0.06)	(0.05, -0.32, -9.8)	(2,	3,	0,	0)	(1696701922.4419305)	(
(-95)	(0.0, -0.28, -9.85)	(44.75, 20.75, 40.0)	(0.0, 0.001090830782496456, 0.001090830782496456)	(162.125, 0.25, 178.0625)	(0.01678466796875, -0.98779296875, -0.15484619140625, 0.0)	(0.01, 0.01, -0.03)	(0.05, -0.32, -9.8)	(2,	3,	0,	0)	(1696701922.4698818)	(
(-95)	(0.08, -0.23, -9.870000000000001)	(43.6875, 19.5625, 39.5625)	(0.0, 0.001090830782496456, 0.001090830782496456)	(162.125, 0.25, 178.0625)	(0.01678466796875, -0.98779296875, -0.15484619140625, 0.0)	(-0.01, -0.06, -0.05)	(0.05, -0.32, -9.8)	(0,	3,	0,	0)	(1696701922.498569)	(
(33)	(0.09, -0.32, -9.86)	(45.5625, 20.375, 39.5625)	(-0.001090830782496456, 0.002181661564992912, 0.001090830782496456)	(162.125, 0.25, 178.0625)	(0.01678466796875, -0.98779296875, -0.15484619140625, 0.0)	(0.0, -0.04, -0.05)	(0.05, -0.32, -9.8)	(2,	3,	0,	0)	(1696701922.5319593)	(
(-95)	(0.05, -0.28, -9.88)	(45.5625, 20.375, 39.5625)	(0.0, -0.001090830782496456, 0.003272492347489368)	(162.125, 0.25, 178.0625)	(0.01678466796875, -0.98779296875, -0.15484619140625, 0.0)	(-0.01, 0.05, -0.06)	(0.05, -0.32, -9.8)	(2,	3,	0,	0)	(1696701922.5593421)	(
(-95)	(0.04, -0.24, -9.88)	(43.75, 20.375, 40.0)	(0.002181661564992912, 0.0, 0.002181661564992912)	(162.125, 0.25, 178.0625)	(0.01678466796875, -0.98779296875, -0.15484619140625, 0.0)	(0.0, 0.1, -0.1)	(0.05, -0.32, -9.8)	(0,	3,	0,	0)	(1696701922.5873318)	(
(33)	(0.09, -0.34, -9.84)	(43.75, 20.375, 40.0)	(0.001090830782496456, -0.002181661564992912, 0.002181661564992912)	(162.125, 0.25, 178.0625)	(0.01678466796875, -0.98779296875, -0.15484619140625, 0.0)	(0.0, 0.0, -0.05)	(0.05, -0.32, -9.8)	(0,	3,	0,	0)	(1696701922.6157017)	(
(33)	(0.06, -0.35000000000000003, -9.84)	(44.0625, 20.375, 39.5625)	(0.001090830782496456, 0.003272492347489368, 0.001090830782496456)	(162.125, 0.25, 178.0625)	(0.01678466796875, -0.98779296875, -0.15484619140625, 0.0)	(0.01, 0.0, -0.06)	(0.05, -0.32, -9.8)	(2,	3,	0,	0)	(1696701922.6461494)	(
(-95)	(0.05, -0.24, -9.86)	(44.0625, 20.375, 39.5625)	(0.0, -0.002181661564992912, -0.001090830782496456)	(162.125, 0.25, 178.0625)	(0.01678466796875, -0.98779296875, -0.15484619140625, 0.0)	(0.0, 0.02, -0.05)	(0.05, -0.32, -9.8)	(2,	3,	0,	0)	(1696701922.6735125)	(
(-95)	(0.05, -0.31, -9.89)	(45.1875, 20.0, 40.0625)	(0.001090830782496456, 0.0, -0.1407171709420428)	(162.125, 0.25, 178.0625)	(0.01678466796875, -0.98779296875, -0.15484619140625, 0.0)	(0.0, 0.0, -0.08)	(0.05, -0.32, -9.8)	(2,	3,	0,	0)	(1696701922.703931)	(
(-95)	(0.05, -0.28, -9.870000000000001)	(44.375, 20.75, 39.5625)	(0.002181661564992912, 0.0, 0.0)	(162.125, 0.25, 178.0625)	(0.01678466796875, -0.98779296875, -0.15484619140625, 0.0)	(0.01, 0.0, -0.08)	(0.05, -0.32, -9.8)	(2,	3,	0,	0)	(1696701922.7338428)	(
(-95)	(0.06, -0.27, -9.89)	(44.375, 20.75, 39.5625)	(0.002181661564992912, 0.0, 0.0)	(162.125, 0.25, 178.0625)	(0.01678466796875, -0.98779296875, -0.15484619140625, 0.0)	(0.01, -0.03, -0.03)	(0.05, -0.32, -9.8)	(2,	3,	0,	0)	(1696701922.762189)	(
(-95)	(0.03, -0.31, -9.84)	(44.375, 20.375, 39.1875)	(0.003272492347489368, -0.001090830782496456, -0.004363323129985824)	(162.125, 0.25, 178.0625)	(0.01678466796875, -0.98779296875, -0.15484619140625, 0.0)	(0.0, 0.03, -0.08)	(0.05, -0.32, -9.8)	(0,	3,	0,	0)	(1696701922.7894971)	(
(33)	(0.03, -0.33, -9.83)	(44.375, 20.375, 39.1875)	(-0.001090830782496456, 0.002181661564992912, -0.002181661564992912)	(162.125, 0.25, 178.0625)	(0.01678466796875, -0.98779296875, -0.15484619140625, 0.0)	(0.01, 0.02, -0.04)	(0.05, -0.32, -9.8)	(0,	3,	0,	0)	(1696701922.8197215)	(
(-95)	(0.06, -0.32, -9.870000000000001)	(45.1875, 20.375, 39.5625)	(0.0, -0.001090830782496456, -0.001090830782496456)	(162.125, 0.25, 178.0625)	(0.01678466796875, -0.98779296875, -0.15484619140625, 0.0)	(0.02, 0.0, -0.04)	(0.05, -0.32, -9.8)	(0,	3,	0,	0)	(1696701922.851186)	(
(-95)	(0.04, -0.33, -9.84)	(44.75, 20.75, 40.0)	(-0.001090830782496456, 0.001090830782496456, -0.001090830782496456)	(162.125, 0.25, 178.0625)	(0.01678466796875, -0.98779296875, -0.15484619140625, 0.0)	(0.01, -0.01, -0.04)	(0.05, -0.32, -9.8)	(0,	3,	0,	0)	(1696701922.8791344)	(
(-95)	(0.04, -0.38, -9.85)	(44.75, 20.75, 40.0)	(0.0, 0.003272492347489368, 0.0)	(162.125, 0.25, 178.0625)	(0.01678466796875, -0.98779296875, -0.15484619140625, 0.0)	(-0.02, 0.0, -0.03)	(0.05, -0.32, -9.8)	(0,	3,	0,	0)	(1696701922.9105277)	(
(-95)	(0.0, -0.26, -9.83)	(44.75, 20.75, 39.5625)	(0.001090830782496456, -0.001090830782496456, 0.001090830782496456)	(162.125, 0.25, 178.0625)	(0.01678466796875, -0.98779296875, -0.15484619140625, 0.0)	(0.03, 0.04, -0.06)	(0.05, -0.32, -9.8)	(0,	3,	0,	0)	(1696701922.9432342)	(
(-95)	(0.01, -0.27, -9.85)	(44.75, 20.75, 39.5625)	(0.0, 0.0, 0.001090830782496456)	(162.125, 0.25, 178.0625)	(0.01678466796875, -0.98779296875, -0.15484619140625, 0.0)	(0.0, -0.03, -0.02)	(0.05, -0.32, -9.8)	(2,	3,	0,	0)	(1696701922.9696286)	(
(33)	(0.04, -0.22, -9.91)	(45.875, 21.0625, 40.0625)	(0.001090830782496456, -0.001090830782496456, -0.001090830782496456)	(162.125, 0.25, 178.0625)	(0.01678466796875, -0.98779296875, -0.15484619140625, 0.0)	(0.0, -0.1, 0.0)	(0.05, -0.32, -9.8)	(0,	3,	0,	0)	(1696701922.999666)	(
(33)	(0.08, -0.32, -9.84)	(44.375, 20.75, 38.75)	(0.001090830782496456, -0.001090830782496456, -0.001090830782496456)	(162.125, 0.25, 178.0625)	(0.01678466796875, -0.98779296875, -0.15484619140625, 0.0)	(0.0, 0.0, -0.03)	(0.05, -0.32, -9.8)	(2,	3,	0,	0)	(1696701923.0297236)	(
(33)	(0.05, -0.35000000000000003, -9.85)	(44.375, 20.75, 38.75)	(0.0, 0.0, 0.0)	(162.125, 0.25, 178.0625)	(0.01678466796875, -0.98779296875, -0.15484619140625, 0.0)	(-0.01, 0.07, -0.04)	(0.05, -0.32, -9.8)	(0,	3,	0,	0)	(1696701923.0595784)	(
(33)	(0.07, -0.28, -9.870000000000001)	(44.375, 19.5625, 39.1875)	(0.0, 0.002181661564992912, 0.0)	(162.125, 0.25, 178.0625)	(0.01678466796875, -0.98779296875, -0.15484619140625, 0.0)	(0.01, 0.04, -0.08)	(0.05, -0.32, -9.8)	(0,	3,	0,	0)	(1696701923.0879743)	(
(33)	(0.05, -0.27, -9.85)	(44.375, 19.5625, 39.1875)	(0.001090830782496456, -0.001090830782496456, 0.0)	(162.125, 0.25, 178.0625)	(0.01678466796875, -0.98779296875, -0.15484619140625, 0.0)	(0.0, 0.04, -0.05)	(0.05, -0.32, -9.8)	(0,	3,	0,	0)	(1696701923.1166232)	(
(-95)	(0.05, -0.3, -9.870000000000001)	(44.75, 20.0, 39.1875)	(0.001090830782496456, -0.006544984694978736, 0.0)	(162.125, 0.25, 178.0625)	(0.01678466796875, -0.98779296875, -0.15484619140625, 0.0)	(0.0, 0.0, -0.07)	(0.05, -0.32, -9.8)	(2,	3,	0,	0)	(1696701923.1464922)	(
(-95)	(0.03, -0.25, -9.86)	(44.75, 20.0, 39.1875)	(-0.002181661564992912, -0.002181661564992912, -0.002181661564992912)	(162.125, 0.25, 178.0625)	(0.01678466796875, -0.98779296875, -0.15484619140625, 0.0)	(0.0, -0.05, -0.02)	(0.05, -0.32, -9.8)	(2,	3,	0,	0)	(1696701923.1753752)	(
(-95)	(0.08, -0.25, -9.86)	(44.75, 20.375, 39.5625)	(0.0, 0.002181661564992912, -0.001090830782496456)	(162.125, 0.25, 178.0625)	(0.01678466796875, -0.98779296875, -0.15484619140625, 0.0)	(0.0, 0.0, -0.07)	(0.05, -0.32, -9.8)	(2,	3,	0,	0)	(1696701923.2041354)	(
(-95)	(0.04, -0.32, -9.86)	(45.1875, 20.375, 39.1875)	(0.0, -0.003272492347489368, -0.001090830782496456)	(162.125, 0.25, 178.0625)	(0.01678466796875, -0.98779296875, -0.15484619140625, 0.0)	(0.01, 0.03, -0.07)	(0.05, -0.32, -9.8)	(2,	3,	0,	0)	(1696701923.2336948)	(
(-95)	(0.05, -0.26, -9.88)	(45.1875, 20.375, 39.1875)	(0.001090830782496456, 0.002181661564992912, 0.0)	(162.125, 0.25, 178.0625)	(0.01678466796875, -0.98779296875, -0.15484619140625, 0.0)	(0.0, 0.04, -0.07)	(0.05, -0.32, -9.8)	(0,	3,	0,	0)	(1696701923.2612245)	(
(-95)	(0.06, -0.2, -9.89)	(44.75, 20.75, 40.375)	(0.0, 0.002181661564992912, 0.0)	(162.125, 0.25, 178.0625)	(0.01678466796875, -0.98779296875, -0.15484619140625, 0.0)	(-0.02, -0.02, -0.03)	(0.05, -0.32, -9.8)	(0,	3,	0,	0)	(1696701923.3172445)	(
(33)	(0.06, -0.29, -9.89)	(44.375, 20.375, 40.375)	(0.0, -0.003272492347489368, 0.0)	(162.125, 0.25, 178.0625)	(0.01678466796875, -0.98779296875, -0.15484619140625, 0.0)	(-0.01, -0.02, -0.04)	(0.05, -0.32, -9.8)	(2,	3,	0,	0)	(1696701923.3484733)	(
(-95)	(0.02, -0.34, -9.83)	(44.375, 20.375, 40.375)	(0.002181661564992912, 0.001090830782496456, -0.002181661564992912)	(162.125, 0.25, 178.0625)	(0.01678466796875, -0.98779296875, -0.15484619140625, 0.0)	(-0.01, 0.01, -0.04)	(0.05, -0.32, -9.8)	(2,	3,	0,	0)	(1696701923.3765147)	(
(-95)	(0.05, -0.31, -9.9)	(44.75, 20.375, 40.0)	(-0.001090830782496456, 0.0, -0.002181661564992912)	(162.125, 0.25, 178.0625)	(0.01678466796875, -0.98779296875, -0.15484619140625, 0.0)	(-0.02, 0.0, -0.06)	(0.05, -0.32, -9.8)	(2,	3,	0,	0)	(1696701923.4065092)	(
(-95)	(0.07, -0.26, -9.85)	(45.1875, 20.75, 38.75)	(0.002181661564992912, 0.001090830782496456, 0.0)	(162.125, 0.25, 178.0625)	(0.01678466796875, -0.98779296875, -0.15484619140625, 0.0)	(0.0, 0.0, -0.05)	(0.05, -0.32, -9.8)	(2,	3,	0,	0)	(1696701923.435623)	(
(-95)	(0.06, -0.29, -9.89)	(45.1875, 20.75, 38.75)	(0.0, 0.0, 0.001090830782496456)	(162.125, 0.25, 178.0625)	(0.01678466796875, -0.98779296875, -0.15484619140625, 0.0)	(0.0, -0.01, -0.03)	(0.05, -0.32, -9.8)	(2,	3,	0,	0)	(1696701923.4657335)	(
(-95)	(0.07, -0.32, -9.86)	(44.0625, 19.5625, 40.375)	(0.0, 0.0, 0.001090830782496456)	(162.125, 0.25, 178.0625)	(0.01678466796875, -0.98779296875, -0.15484619140625, 0.0)	(0.02, 0.0, -0.07)	(0.05, -0.32, -9.8)	(2,	3,	0,	0)	(1696701923.495846)	(
(-95)	(0.03, -0.34, -9.84)	(44.0625, 19.5625, 40.375)	(-0.001090830782496456, 0.002181661564992912, 0.0)	(162.125, 0.25, 178.0625)	(0.01678466796875, -0.98779296875, -0.15484619140625, 0.0)	(0.0, 0.0, -0.04)	(0.05, -0.32, -9.8)	(2,	3,	0,	0)	(1696701923.5249724)	(
(-95)	(0.06, -0.35000000000000003, -9.85)	(43.75, 20.375, 39.5625)	(-0.001090830782496456, 0.002181661564992912, 0.0)	(162.125, 0.25, 178.0625)	(0.01678466796875, -0.98779296875, -0.15484619140625, 0.0)	(0.02, 0.02, -0.06)	(0.05, -0.32, -9.8)	(2,	3,	0,	0)	(1696701923.5535038)	(
