False	15	260.421875	0.0	1700355415.537501
False	0	258.578125	0.0	1700355415.538296
False	0	259.765625	0.0	1700355415.5389981
False	0	260.9375	0.0	1700355415.539656
False	0	262.125	0.0	1700355415.5401003
False	0	263.296875	0.0	1700355415.5405877
False	0	264.484375	0.0	1700355415.541058
False	0	265.65625	0.0	1700355415.5415156
False	15	259.46875	0.0	1700355415.542037
False	15	260.578125	0.0	1700355415.5563247
False	15	261.75	2632.5	1700355415.556903
False	15	262.921875	2648.5	1700355415.5575666
False	15	264.109375	2639.75	1700355415.5582337
False	15	265.28125	2649.25	1700355415.5586715
False	15	266.46875	2652.0	1700355415.5592608
False	15	267.65625	2627.75	1700355415.5596695
False	15	268.828125	2612.0	1700355415.5601046
False	15	270.0	2603.25	1700355415.560534
False	15	271.203125	2590.25	1700355415.5609493
False	15	272.359375	2581.5	1700355415.5613658
False	15	273.578125	2570.5	1700355415.5701606
False	15	274.65625	2556.25	1700355415.5727158
False	15	275.8125	2545.25	1700355415.5734296
False	15	277.03125	2535.25	1700355415.5757864
False	15	278.171875	2532.25	1700355415.5777078
False	15	279.34375	2528.75	1700355415.5918581
False	15	280.515625	2524.25	1700355415.596967
False	15	281.71875	2521.5	1700355415.6059752
False	15	282.859375	2524.75	1700355415.6063826
False	15	284.046875	2525.0	1700355415.6073449
False	15	285.234375	2517.25	1700355415.6150503
False	15	286.390625	2516.25	1700355415.6191132
False	15	287.578125	2519.0	1700355415.623472
False	15	288.734375	2521.0	1700355415.6276538
False	15	289.921875	2525.25	1700355415.628183
False	15	291.109375	2529.75	1700355415.6285722
False	15	292.28125	2526.25	1700355415.628936
False	15	293.484375	0.0	1700355415.6293
False	15	294.640625	2405.25	1700355415.629707
False	15	295.8125	0.0	1700355415.6309798
False	15	296.96875	2535.75	1700355415.631515
False	15	298.125	2573.25	1700355415.6318998
False	15	299.359375	2577.75	1700355415.6328104
False	15	300.609375	0.0	1700355415.6332126
False	15	301.734375	2436.5	1700355415.6336293
False	15	302.9375	2483.0	1700355415.6340888
False	15	304.0625	2531.0	1700355415.634595
False	15	305.234375	0.0	1700355415.6351137
False	15	306.390625	2676.0	1700355415.635492
False	15	307.578125	2681.0	1700355415.6365552
False	15	308.71875	2702.0	1700355415.636963
False	15	309.921875	2725.5	1700355415.6374233
False	15	311.0625	2748.75	1700355415.6378167
False	15	312.265625	2768.5	1700355415.6382973
False	15	313.421875	0.0	1700355415.6387365
False	15	314.578125	2894.75	1700355415.6391623
False	15	315.75	2907.25	1700355415.6395676
False	15	316.921875	2940.75	1700355415.6401534
False	15	318.109375	2978.25	1700355415.6410244
False	15	319.25	3013.0	1700355415.641419
False	15	320.4375	3041.0	1700355415.6439831
False	15	321.59375	3073.75	1700355415.6444938
False	15	322.734375	3135.25	1700355415.644992
False	15	323.90625	3204.25	1700355415.646065
False	15	325.09375	3257.75	1700355415.6471658
False	10	326.21875	0.0	1700355415.6476474
False	15	327.390625	0.0	1700355415.6481037
False	15	328.625	0.0	1700355415.649133
False	15	329.796875	3203.0	1700355415.6496458
False	15	330.984375	0.0	1700355415.6509662
False	15	332.171875	3027.5	1700355415.6519191
False	15	333.3125	0.0	1700355415.6523418
False	15	334.5	3121.5	1700355415.6527104
False	15	335.65625	0.0	1700355415.6536055
False	15	336.84375	0.0	1700355415.6541097
False	15	338.015625	3150.0	1700355415.6544874
False	15	339.21875	0.0	1700355415.6549325
False	15	340.40625	2931.75	1700355415.6559079
False	15	341.5625	2938.0	1700355415.6565597
False	15	342.734375	2958.75	1700355415.6576269
False	15	344.09375	0.0	1700355415.6582608
False	15	345.25	2124.25	1700355415.6592436
False	15	346.453125	2115.75	1700355415.6597123
False	15	347.640625	2107.5	1700355415.6601639
False	15	348.84375	2095.25	1700355415.6777062
False	15	350.046875	2088.25	1700355415.6785295
True	15	351.21875	2082.0	1700355415.6791158
False	15	352.390625	2077.75	1700355415.679646
False	15	354.140625	0.0	1700355415.6806984
False	15	355.296875	0.0	1700355415.6814563
False	15	356.515625	1114.0	1700355415.6820226
False	15	357.828125	0.0	1700355415.68282
False	15	358.953125	1027.5	1700355415.683564
False	15	0.1875	1023.25	1700355415.6853204
False	15	1.34375	1024.75	1700355415.68629
False	15	2.5625	1020.5	1700355415.699314
False	15	3.640625	1016.75	1700355415.7015324
False	15	4.859375	1019.25	1700355415.7069876
False	15	6.03125	1017.0	1700355415.7077055
False	15	7.171875	0.0	1700355415.70918
False	15	8.40625	0.0	1700355415.7118585
False	15	9.484375	0.0	1700355415.713016
False	15	10.609375	1108.25	1700355415.7141113
False	9	11.734375	1106.25	1700355415.7145638
False	0	19.609375	0.0	1700355415.7150345
False	15	20.78125	0.0	1700355415.7154186
False	15	14.609375	0.0	1700355415.7163482
False	15	15.78125	2282.0	1700355415.7167985
False	15	16.921875	2282.75	1700355415.7172754
False	15	18.109375	2269.0	1700355415.7181902
False	15	19.296875	2270.5	1700355415.7185748
False	15	20.46875	2289.0	1700355415.7190313
False	15	21.609375	2295.5	1700355415.7206316
False	15	22.828125	2301.0	1700355415.7240705
False	15	23.984375	2307.5	1700355415.7276385
False	0	32.5	0.0	1700355415.7296884
False	0	33.671875	0.0	1700355415.732318
False	0	34.859375	0.0	1700355415.732799
False	0	36.015625	0.0	1700355415.7331817
False	0	37.1875	0.0	1700355415.7337089
False	0	38.359375	0.0	1700355415.7340991
False	0	39.546875	0.0	1700355415.7351112
False	0	40.71875	0.0	1700355415.7354856
False	0	41.890625	0.0	1700355415.735875
False	0	43.09375	0.0	1700355415.7363179
False	0	44.265625	0.0	1700355415.7366836
False	0	45.4375	0.0	1700355415.737027
False	0	46.609375	0.0	1700355415.737365
False	10	40.46875	0.0	1700355415.7380097
False	15	41.625	2189.0	1700355415.7384272
False	14	42.8125	2208.0	1700355415.738837
False	0	51.3125	0.0	1700355415.739209
False	0	52.484375	0.0	1700355415.739598
False	0	53.65625	0.0	1700355415.7399826
False	0	54.828125	0.0	1700355415.7403474
False	15	48.640625	0.0	1700355415.7407212
False	15	49.765625	2369.0	1700355415.7410855
False	8	50.9375	2373.75	1700355415.7414317
False	10	52.140625	2383.5	1700355415.7417974
False	13	53.3125	2413.5	1700355415.7421525
False	15	54.484375	2436.0	1700355415.742502
False	15	55.65625	2476.75	1700355415.7429655
False	15	56.78125	2539.75	1700355415.7435968
False	0	65.390625	0.0	1700355415.7479088
False	10	59.140625	0.0	1700355415.750357
False	15	67.78125	0.0	1700355415.7515352
False	8	68.96875	0.0	1700355415.7522402
False	15	62.671875	2644.25	1700355415.753283
False	7	63.875	2628.25	1700355415.755084
False	15	65.125	0.0	1700355415.755923
False	15	66.296875	2323.25	1700355415.757011
False	15	67.453125	2346.25	1700355415.7586117
False	15	68.640625	2339.5	1700355415.760194
False	15	69.8125	2306.75	1700355415.769754
False	0	78.359375	0.0	1700355415.7712595
False	0	79.53125	0.0	1700355415.771725
False	0	80.703125	0.0	1700355415.772114
False	9	74.390625	0.0	1700355415.7725527
False	9	75.609375	0.0	1700355415.7729309
False	0	84.234375	0.0	1700355415.7738528
False	0	85.40625	0.0	1700355415.7773297
False	0	86.59375	0.0	1700355415.7794197
False	0	87.765625	0.0	1700355415.7811136
False	0	88.9375	0.0	1700355415.7825646
False	0	90.109375	0.0	1700355415.7831733
False	9	91.296875	0.0	1700355415.7845821
False	0	92.46875	0.0	1700355415.7892501
False	15	86.734375	0.0	1700355415.7909863
False	7	94.8125	0.0	1700355415.793069
False	0	95.984375	0.0	1700355415.7958546
False	0	97.15625	0.0	1700355415.8010025
False	0	98.328125	0.0	1700355415.8039231
False	15	92.15625	0.0	1700355415.8048053
False	9	93.3125	0.0	1700355415.8063862
False	8	101.890625	0.0	1700355415.8069606
False	15	95.46875	0.0	1700355415.8074884
False	0	104.21875	0.0	1700355415.8079102
False	0	105.390625	0.0	1700355415.8226645
False	0	106.5625	0.0	1700355415.8237994
False	0	107.734375	0.0	1700355415.8269339
False	0	108.90625	0.0	1700355415.8276887
False	0	110.078125	0.0	1700355415.8282406
False	0	111.25	0.0	1700355415.8287008
False	0	112.421875	0.0	1700355415.829116
False	0	113.59375	0.0	1700355415.8294737
False	15	107.484375	0.0	1700355415.829939
False	0	115.9375	0.0	1700355415.8304005
False	0	117.109375	0.0	1700355415.8310764
False	0	118.28125	0.0	1700355415.831579
False	15	112.15625	2056.0	1700355415.8320389
False	15	113.34375	2067.0	1700355415.8440673
False	15	114.5	2073.25	1700355415.8452468
False	15	115.6875	2080.0	1700355415.8458025
False	15	116.84375	2086.75	1700355415.8463159
False	15	118.03125	2092.5	1700355415.8470876
False	15	119.203125	2099.5	1700355415.8524408
False	15	120.375	2108.5	1700355415.8529825
False	15	121.53125	2125.0	1700355415.853424
False	15	122.6875	2141.5	1700355415.853903
False	15	123.890625	2152.0	1700355415.8543046
False	15	125.015625	2166.75	1700355415.856454
False	15	126.21875	2185.25	1700355415.860746
False	15	127.359375	2202.25	1700355415.8623881
False	15	128.578125	0.0	1700355415.8646045
False	15	129.71875	0.0	1700355415.8651063
False	15	130.8125	0.0	1700355415.866299
False	15	132.0625	0.0	1700355415.868736
False	15	133.28125	2077.75	1700355415.8755033
False	15	134.359375	0.0	1700355415.8784904
False	15	135.640625	0.0	1700355415.8809147
False	15	136.8125	1987.0	1700355415.8835938
False	15	138.09375	0.0	1700355415.8903508
False	15	139.296875	0.0	1700355415.8919184
False	15	140.5	1621.0	1700355415.892444
False	15	141.65625	1629.75	1700355415.892827
False	15	142.875	1597.5	1700355415.893955
False	15	143.96875	1595.0	1700355415.8950474
False	0	152.25	0.0	1700355415.895686
False	15	146.4375	0.0	1700355415.8989732
False	15	147.625	1426.25	1700355415.9005294
False	15	148.765625	1425.25	1700355415.9009662
False	0	156.9375	0.0	1700355415.9017422
False	15	151.09375	0.0	1700355415.902251
False	15	152.390625	0.0	1700355415.9031122
False	15	153.609375	0.0	1700355415.9035401
False	15	154.75	1291.25	1700355415.9041536
False	15	156.046875	0.0	1700355415.90454
False	15	157.25	0.0	1700355415.9049017
False	15	158.453125	1253.5	1700355415.9057906
False	0	166.390625	0.0	1700355415.9063656
False	10	160.84375	0.0	1700355415.908882
False	9	162.03125	1152.0	1700355415.9093509
False	0	169.90625	0.0	1700355415.9102545
False	0	171.078125	0.0	1700355415.9107516
False	8	165.546875	0.0	1700355415.911256
False	0	173.421875	0.0	1700355415.9116886
False	15	167.796875	0.0	1700355415.9129086
False	15	169.125	0.0	1700355415.9142148
False	15	170.265625	1080.0	1700355415.914966
False	15	171.640625	0.0	1700355415.9160745
False	0	179.296875	0.0	1700355415.9183462
False	15	173.953125	0.0	1700355415.9198887
False	15	175.09375	1014.5	1700355415.9203205
False	15	176.28125	1007.5	1700355415.920747
False	15	177.5	1002.0	1700355415.9223075
False	15	178.609375	996.5	1700355415.9256153
False	15	179.84375	997.75	1700355415.926202
False	15	181.03125	997.25	1700355415.9266644
False	15	182.09375	1000.75	1700355415.935668
False	15	183.328125	0.0	1700355415.9368372
False	15	184.515625	965.5	1700355415.944403
False	15	185.734375	961.5	1700355415.9449027
False	15	186.953125	955.5	1700355415.9452941
False	15	188.109375	0.0	1700355415.9458308
False	15	189.3125	937.0	1700355415.9468884
False	15	190.46875	944.5	1700355415.9472852
False	15	191.640625	937.0	1700355415.94765
False	15	192.890625	929.5	1700355415.9480164
False	15	194.078125	925.25	1700355415.9483788
False	11	195.171875	934.5	1700355415.9487305
False	15	196.4375	0.0	1700355415.9548209
False	15	197.578125	912.0	1700355415.9618204
False	15	198.703125	912.5	1700355415.9646816
False	15	199.828125	0.0	1700355415.9793057
False	15	201.109375	938.75	1700355415.9809055
False	15	202.171875	932.75	1700355415.9813502
False	15	203.421875	935.25	1700355415.9821274
False	0	211.046875	0.0	1700355415.9825308
False	15	212.234375	0.0	1700355415.9830317
False	15	206.546875	0.0	1700355415.9844425
False	15	207.796875	1229.0	1700355415.9848642
False	15	208.953125	0.0	1700355415.9853988
False	15	210.125	1275.25	1700355415.9870293
False	15	211.375	0.0	1700355415.9890704
False	15	212.640625	0.0	1700355415.9900825
False	15	213.9375	0.0	1700355415.9915192
False	15	215.0625	0.0	1700355415.9919064
False	15	222.828125	0.0	1700355415.992573
False	15	224.015625	0.0	1700355415.993012
False	15	225.15625	0.0	1700355415.9934382
False	15	226.34375	0.0	1700355415.9940963
False	15	220.875	0.0	1700355415.99445
False	15	221.953125	1112.25	1700355415.9949765
False	15	223.09375	1134.5	1700355415.9955192
False	15	224.265625	1158.5	1700355415.9958837
False	15	225.46875	1182.25	1700355415.9962318
False	15	226.59375	1206.0	1700355415.9965746
False	15	227.6875	1235.0	1700355415.9970226
False	15	228.859375	1244.0	1700355415.9974349
False	15	229.953125	0.0	1700355415.9980981
False	15	231.109375	1336.5	1700355415.9995625
False	0	239.1875	0.0	1700355416.0005283
False	15	233.359375	0.0	1700355416.0009444
False	15	234.59375	1415.25	1700355416.0013163
False	0	242.703125	0.0	1700355416.0028248
False	15	236.984375	0.0	1700355416.0036235
False	0	245.0625	0.0	1700355416.0052824
False	15	239.265625	0.0	1700355416.009314
False	0	247.40625	0.0	1700355416.01161
False	0	248.578125	0.0	1700355416.0128303
False	15	243.25	0.0	1700355416.0140483
False	15	243.953125	0.0	1700355416.0144675
False	15	245.015625	0.0	1700355416.0150745
False	15	246.109375	0.0	1700355416.0160809
False	15	247.28125	1701.0	1700355416.0165915
False	15	248.4375	1698.75	1700355416.0169606
False	15	256.796875	0.0	1700355416.0174248
False	15	258.03125	0.0	1700355416.0180929
False	15	251.9375	0.0	1700355416.0186117
False	15	253.109375	1990.0	1700355416.019161
False	15	254.328125	0.0	1700355416.0195632
False	15	255.484375	1925.25	1700355416.019992
False	15	256.640625	1951.75	1700355416.0205748
False	15	257.796875	0.0	1700355416.0211098
False	15	258.90625	0.0	1700355416.0218103
False	15	260.015625	0.0	1700355416.0222971
False	15	261.171875	0.0	1700355416.022667
False	15	262.3125	2649.75	1700355416.023234
False	15	263.5	2640.25	1700355416.023649
False	15	264.671875	2653.5	1700355416.0240586
False	15	265.859375	2656.75	1700355416.0244672
False	15	267.03125	2629.5	1700355416.0248475
False	15	268.234375	2619.75	1700355416.0253677
False	15	269.375	2606.5	1700355416.0262282
False	15	270.59375	2591.0	1700355416.0268843
False	15	271.75	2584.0	1700355416.0273516
False	15	272.9375	2572.25	1700355416.0277493
False	15	274.078125	2560.75	1700355416.0282738
False	15	275.234375	2554.5	1700355416.028839
False	15	276.390625	2544.5	1700355416.0292165
False	15	277.578125	2537.0	1700355416.0304623
False	15	278.765625	2531.75	1700355416.0320227
False	15	279.90625	2526.5	1700355416.0338967
False	15	281.078125	2523.0	1700355416.0345962
False	15	282.265625	2518.25	1700355416.0358636
False	15	283.453125	2518.0	1700355416.0382493
False	15	284.609375	2517.25	1700355416.0420194
False	15	285.796875	2515.5	1700355416.0486999
False	15	286.953125	2518.0	1700355416.0498023
False	15	288.140625	2523.75	1700355416.052813
False	15	289.296875	2523.0	1700355416.053712
False	15	290.484375	2519.75	1700355416.0571632
False	15	291.671875	2520.5	1700355416.0586498
False	15	292.84375	2511.5	1700355416.060971
False	15	294.046875	0.0	1700355416.0644557
False	15	295.21875	2378.75	1700355416.0652008
False	15	296.3125	0.0	1700355416.0683959
False	15	297.484375	2581.75	1700355416.071284
False	15	298.671875	2571.75	1700355416.0722106
False	15	299.875	0.0	1700355416.0733485
False	15	301.0625	2462.75	1700355416.0741796
False	15	302.21875	2470.5	1700355416.0757632
False	15	303.390625	2512.75	1700355416.0778227
False	15	304.578125	0.0	1700355416.0789378
False	15	305.734375	0.0	1700355416.0801528
False	15	306.859375	0.0	1700355416.0805297
False	15	308.03125	2692.75	1700355416.0829103
False	15	309.1875	2714.0	1700355416.0905075
False	15	310.375	2735.75	1700355416.0917284
False	15	311.53125	2757.0	1700355416.0923228
False	15	312.6875	0.0	1700355416.093164
False	15	313.828125	2902.25	1700355416.0942945
False	15	315.0	2894.75	1700355416.096964
False	15	316.1875	2918.25	1700355416.0988538
False	15	317.34375	2949.5	1700355416.099534
False	15	318.5	2983.25	1700355416.1002197
False	15	319.6875	3027.75	1700355416.100659
False	15	320.84375	3073.25	1700355416.1010942
False	15	322.015625	3101.75	1700355416.1017206
False	15	323.203125	3156.75	1700355416.1023757
False	15	324.359375	3229.5	1700355416.1029909
False	15	325.53125	3278.5	1700355416.1035285
False	11	326.6875	3304.25	1700355416.1039793
False	15	327.875	3297.25	1700355416.1045735
False	15	329.078125	0.0	1700355416.1054428
False	15	330.234375	3174.75	1700355416.127119
False	15	331.4375	3136.75	1700355416.1352754
False	15	332.59375	3114.75	1700355416.1357915
False	15	333.796875	3117.5	1700355416.1361768
False	15	334.953125	3132.75	1700355416.1370773
False	15	336.09375	0.0	1700355416.1379476
False	15	337.296875	0.0	1700355416.1388464
False	0	346.0	0.0	1700355416.1393688
False	15	339.671875	0.0	1700355416.1397402
False	15	340.84375	2934.5	1700355416.1400979
False	15	342.015625	2945.0	1700355416.1404486
False	11	343.171875	2980.75	1700355416.1438518
False	15	344.53125	0.0	1700355416.1452868
False	15	345.71875	2123.25	1700355416.1472547
False	15	346.875	2113.25	1700355416.1477342
False	15	348.078125	2103.0	1700355416.1481216
False	15	349.234375	2091.5	1700355416.1485333
False	15	350.421875	2085.75	1700355416.1489732
True	15	351.59375	2084.5	1700355416.1494653
False	15	352.796875	2082.5	1700355416.153762
False	15	354.578125	0.0	1700355416.1554754
False	15	355.671875	1125.5	1700355416.155949
False	15	356.90625	0.0	1700355416.1563263
False	15	358.1875	0.0	1700355416.1567168
False	15	359.328125	1024.0	1700355416.1571016
False	15	0.5625	1027.5	1700355416.1587782
False	15	1.65625	1025.25	1700355416.159367
False	15	2.859375	1015.75	1700355416.1598892
False	15	4.015625	1012.5	1700355416.1603115
False	15	5.171875	1014.5	1700355416.1606982
False	15	6.484375	1005.0	1700355416.1610613
False	15	7.578125	1004.0	1700355416.1614313
False	15	8.734375	1019.5	1700355416.161863
False	15	9.953125	1021.0	1700355416.162319
False	8	11.0	0.0	1700355416.1628563
False	9	12.15625	1087.25	1700355416.1633465
False	0	19.984375	0.0	1700355416.1637268
False	15	21.171875	0.0	1700355416.164094
False	15	14.96875	0.0	1700355416.1644642
False	15	16.15625	2258.25	1700355416.1648374
False	15	17.328125	2255.0	1700355416.16519
False	15	18.484375	2258.75	1700355416.1655395
False	15	19.671875	2281.0	1700355416.1659045
False	15	20.859375	2284.5	1700355416.166277
False	15	22.0	2289.75	1700355416.170919
False	15	23.15625	2303.75	1700355416.172661
False	0	31.703125	0.0	1700355416.1758149
False	0	32.875	0.0	1700355416.1842208
False	0	34.03125	0.0	1700355416.184674
False	0	35.21875	0.0	1700355416.1850526
False	0	36.390625	0.0	1700355416.186163
False	0	37.5625	0.0	1700355416.186759
False	0	38.734375	0.0	1700355416.1872065
False	0	39.890625	0.0	1700355416.187648
False	0	41.078125	0.0	1700355416.188098
False	0	42.265625	0.0	1700355416.1884954
False	0	43.4375	0.0	1700355416.194647
False	0	44.609375	0.0	1700355416.1953275
False	0	45.78125	0.0	1700355416.1959
False	0	46.953125	0.0	1700355416.1964173
False	10	40.78125	0.0	1700355416.1968443
False	15	41.96875	2192.75	1700355416.1972415
False	9	43.109375	2214.0	1700355416.1980226
False	14	44.28125	2236.5	1700355416.198515
False	0	52.828125	0.0	1700355416.1989777
False	0	53.984375	0.0	1700355416.1998181
False	0	55.171875	0.0	1700355416.2003465
False	0	56.34375	0.0	1700355416.2018797
False	0	57.515625	0.0	1700355416.2042613
False	0	58.6875	0.0	1700355416.2116196
False	0	59.859375	0.0	1700355416.2130506
False	0	61.03125	0.0	1700355416.2134953
False	0	62.203125	0.0	1700355416.2158854
False	15	55.953125	0.0	1700355416.217155
False	0	64.546875	0.0	1700355416.218204
False	0	65.71875	0.0	1700355416.2191947
False	8	66.953125	0.0	1700355416.219764
False	15	68.125	0.0	1700355416.220161
False	9	61.859375	0.0	1700355416.2205575
False	0	70.46875	0.0	1700355416.2209017
False	0	71.640625	0.0	1700355416.2212515
False	15	65.453125	0.0	1700355416.2217813
False	15	66.625	2336.5	1700355416.2221537
False	0	75.171875	0.0	1700355416.222503
False	0	76.34375	0.0	1700355416.222934
False	0	77.515625	0.0	1700355416.2233083
False	0	78.703125	0.0	1700355416.2236693
False	0	79.875	0.0	1700355416.2240667
False	15	74.359375	0.0	1700355416.2244704
False	15	74.296875	0.0	1700355416.2249277
False	8	83.421875	0.0	1700355416.2259896
False	0	84.578125	0.0	1700355416.230527
False	0	85.75	0.0	1700355416.2319438
False	0	86.921875	0.0	1700355416.2323833
False	0	88.109375	0.0	1700355416.2327383
False	0	89.265625	0.0	1700355416.2337604
False	0	90.40625	0.0	1700355416.234274
False	9	91.59375	0.0	1700355416.2348025
False	10	92.75	0.0	1700355416.2353346
False	0	93.90625	0.0	1700355416.2357895
False	7	95.09375	0.0	1700355416.2362797
False	15	88.90625	0.0	1700355416.2373972
False	0	97.421875	0.0	1700355416.2381673
False	0	98.59375	0.0	1700355416.2385979
False	11	92.671875	0.0	1700355416.2398827
False	9	93.296875	0.0	1700355416.2404215
False	15	102.140625	0.0	1700355416.2417634
False	8	103.296875	0.0	1700355416.2429934
False	15	97.265625	0.0	1700355416.2460601
False	0	105.625	0.0	1700355416.2464676
False	0	106.796875	0.0	1700355416.2469013
False	0	107.96875	0.0	1700355416.2473044
False	0	109.140625	0.0	1700355416.2481089
False	0	110.3125	0.0	1700355416.2484865
False	0	111.484375	0.0	1700355416.2488678
False	0	112.65625	0.0	1700355416.249241
False	0	113.828125	0.0	1700355416.249827
False	0	114.953125	0.0	1700355416.2503426
False	0	116.125	0.0	1700355416.2604518
False	15	110.03125	0.0	1700355416.2608614
False	15	111.1875	2056.0	1700355416.2620177
False	0	119.625	0.0	1700355416.2626352
False	0	120.796875	0.0	1700355416.2631946
False	15	114.671875	2067.5	1700355416.2635746
False	15	115.84375	2080.75	1700355416.26393
False	15	117.03125	2088.75	1700355416.2643
False	15	118.171875	2096.75	1700355416.2653873
False	15	119.359375	2108.75	1700355416.2661455
False	15	120.5	2123.25	1700355416.2666714
False	15	121.703125	2131.0	1700355416.2680802
False	15	122.859375	2142.25	1700355416.2686207
False	15	124.0	2156.25	1700355416.2690215
False	15	125.1875	2169.0	1700355416.2694077
False	15	126.328125	2187.0	1700355416.270287
False	15	127.53125	2203.25	1700355416.271965
False	15	128.671875	0.0	1700355416.272485
False	15	137.203125	0.0	1700355416.2740011
False	15	138.390625	0.0	1700355416.2744932
False	15	132.203125	2118.25	1700355416.2749634
False	15	133.390625	2080.75	1700355416.2753592
False	4	134.1875	0.0	1700355416.2758307
False	14	135.78125	0.0	1700355416.276303
False	15	136.9375	0.0	1700355416.2772748
False	15	138.203125	0.0	1700355416.2780507
False	15	139.4375	0.0	1700355416.2785845
False	15	140.578125	0.0	1700355416.2793968
False	15	141.828125	0.0	1700355416.279921
False	15	142.96875	1611.25	1700355416.2807817
False	15	144.125	1598.0	1700355416.2828598
False	0	152.390625	0.0	1700355416.2881
False	15	146.578125	0.0	1700355416.2899804
False	15	147.796875	0.0	1700355416.291398
False	15	148.90625	1391.0	1700355416.2918684
False	0	157.0625	0.0	1700355416.2922761
False	15	151.1875	0.0	1700355416.2947204
False	15	152.546875	0.0	1700355416.2956161
False	15	153.78125	0.0	1700355416.2959938
False	15	154.90625	1277.0	1700355416.2967598
False	15	156.140625	0.0	1700355416.297126
False	15	157.375	1222.0	1700355416.2974687
False	15	158.609375	0.0	1700355416.2980094
False	6	166.484375	0.0	1700355416.2987723
False	11	160.90625	0.0	1700355416.2991693
False	9	162.046875	1151.0	1700355416.2995138
False	0	169.984375	0.0	1700355416.2998543
False	0	171.15625	0.0	1700355416.3001912
False	0	172.328125	0.0	1700355416.3005242
False	8	173.515625	0.0	1700355416.3008835
False	15	174.71875	0.0	1700355416.301813
False	15	169.25	0.0	1700355416.3021839
False	15	170.34375	1075.25	1700355416.302567
False	15	171.765625	0.0	1700355416.3034432
False	15	172.828125	0.0	1700355416.3038657
False	15	174.03125	1015.75	1700355416.3042402
False	15	175.1875	1014.5	1700355416.304614
False	15	176.40625	1010.25	1700355416.304974
False	15	177.53125	1001.5	1700355416.3053534
False	15	178.703125	996.5	1700355416.3067799
False	15	179.828125	995.75	1700355416.3072383
False	15	181.046875	999.0	1700355416.307619
False	15	182.234375	1004.25	1700355416.3080018
False	15	183.4375	0.0	1700355416.3088312
False	15	184.609375	964.5	1700355416.3091924
False	15	185.84375	961.75	1700355416.3097134
False	15	187.0	958.0	1700355416.3100955
False	15	188.203125	0.0	1700355416.3106027
False	15	189.40625	934.25	1700355416.312625
False	15	190.484375	942.0	1700355416.3141558
False	15	191.65625	937.25	1700355416.3145776
False	15	192.921875	927.75	1700355416.3150153
False	15	194.0625	923.5	1700355416.3153698
False	15	195.1875	929.75	1700355416.3157482
False	15	196.4375	921.25	1700355416.3161247
False	15	197.6875	911.25	1700355416.3165085
False	15	198.765625	913.0	1700355416.3169203
False	15	199.984375	918.0	1700355416.3180919
False	15	201.109375	926.25	1700355416.3184962
False	15	202.25	933.0	1700355416.3189216
False	15	203.421875	935.5	1700355416.3201919
False	0	211.03125	0.0	1700355416.3206787
False	15	212.234375	0.0	1700355416.3213816
False	15	206.546875	0.0	1700355416.322071
False	15	207.796875	0.0	1700355416.322591
False	15	208.875	0.0	1700355416.3264894
False	15	210.09375	1265.0	1700355416.3280864
False	15	211.359375	0.0	1700355416.328602
False	15	212.671875	0.0	1700355416.3290386
False	15	213.96875	0.0	1700355416.3296843
False	15	215.109375	0.0	1700355416.3301358
False	15	222.78125	0.0	1700355416.330496
False	15	223.96875	0.0	1700355416.3309648
False	15	225.125	0.0	1700355416.3313575
False	15	226.296875	0.0	1700355416.3317282
False	15	220.796875	0.0	1700355416.3320963
False	15	221.90625	1106.5	1700355416.3324594
False	15	223.125	1130.25	1700355416.3328223
False	15	230.984375	0.0	1700355416.333204
False	15	232.15625	0.0	1700355416.3337753
False	15	226.5625	0.0	1700355416.3341963
False	15	227.640625	1226.5	1700355416.3345652
False	15	228.828125	1249.25	1700355416.3349984
False	15	229.921875	0.0	1700355416.3353949
False	15	231.046875	1331.0	1700355416.335808
False	0	239.171875	0.0	1700355416.336225
False	15	233.34375	0.0	1700355416.336638
False	15	234.609375	1413.25	1700355416.3379796
False	0	242.6875	0.0	1700355416.3394492
False	15	237.0	0.0	1700355416.3398669
False	0	245.03125	0.0	1700355416.3402236
False	15	239.21875	0.0	1700355416.3405652
False	0	247.375	0.0	1700355416.3409028
False	15	241.625	1412.5	1700355416.3412414
False	15	243.359375	0.0	1700355416.3424697
False	15	243.890625	0.0	1700355416.3429468
False	15	244.96875	0.0	1700355416.3437681
False	15	246.109375	0.0	1700355416.344153
False	15	247.296875	1682.75	1700355416.3445165
False	15	248.421875	1699.25	1700355416.3450234
False	15	256.78125	0.0	1700355416.3453915
False	15	257.953125	0.0	1700355416.3459601
False	15	251.859375	0.0	1700355416.346327
False	15	253.015625	1989.25	1700355416.3472667
False	15	254.1875	0.0	1700355416.3486118
False	15	255.34375	1927.5	1700355416.3497622
False	15	256.53125	1958.5	1700355416.3502977
False	15	257.625	0.0	1700355416.3506732
False	15	258.765625	0.0	1700355416.351286
False	15	259.9375	0.0	1700355416.351663
False	15	261.046875	0.0	1700355416.3520262
False	15	262.1875	2640.25	1700355416.352386
False	15	263.390625	2642.0	1700355416.3527603
False	15	264.546875	2643.75	1700355416.3531194
False	15	265.734375	2647.75	1700355416.3534749
False	15	266.890625	2632.0	1700355416.3540666
False	15	268.0625	2613.75	1700355416.3544242
False	15	269.234375	2602.0	1700355416.354837
False	15	270.4375	2593.75	1700355416.3552096
False	15	271.59375	2583.0	1700355416.3555608
False	15	272.78125	2572.0	1700355416.3559027
False	15	273.9375	2567.5	1700355416.3562388
False	15	275.046875	2561.25	1700355416.3565784
False	15	276.234375	2546.0	1700355416.3569226
False	15	277.421875	2536.0	1700355416.358566
False	15	278.5625	2531.25	1700355416.360782
False	15	279.75	2524.5	1700355416.3621652
False	15	280.921875	2522.0	1700355416.3658788
False	0	289.484375	0.0	1700355416.3673613
False	0	290.65625	0.0	1700355416.3683937
False	15	284.40625	2519.0	1700355416.3688555
False	15	285.59375	2516.0	1700355416.3692515
False	15	286.78125	2495.0	1700355416.3704398
False	15	287.9375	2498.0	1700355416.3711588
False	15	289.078125	2522.75	1700355416.3722503
False	15	290.25	2524.25	1700355416.3726902
False	15	291.4375	2527.5	1700355416.37315
False	15	292.625	2512.0	1700355416.3740244
False	15	293.796875	0.0	1700355416.375847
False	15	294.953125	2415.0	1700355416.3763003
False	15	296.09375	0.0	1700355416.376676
False	0	304.6875	0.0	1700355416.377178
False	15	298.421875	2545.5	1700355416.3929725
False	15	299.671875	0.0	1700355416.3943763
False	15	300.84375	2450.25	1700355416.3956306
False	15	302.046875	2421.25	1700355416.3962116
False	15	303.140625	0.0	1700355416.396753
False	15	304.3125	2538.5	1700355416.3973064
False	15	305.53125	0.0	1700355416.4028056
False	15	306.640625	0.0	1700355416.4048865
False	15	307.8125	2687.0	1700355416.4063957
False	15	308.96875	2709.0	1700355416.4148319
False	15	310.125	2731.75	1700355416.41634
False	15	311.28125	2752.0	1700355416.4173615
False	15	312.484375	2748.0	1700355416.420139
False	15	313.609375	0.0	1700355416.4209359
False	15	314.78125	2887.75	1700355416.4226737
False	15	315.9375	2903.75	1700355416.4233913
False	15	317.09375	2944.75	1700355416.424342
False	15	318.28125	2984.0	1700355416.424721
False	15	319.4375	3020.75	1700355416.4251337
False	15	320.59375	3056.75	1700355416.425961
False	15	321.75	3106.75	1700355416.4266403
False	15	322.984375	3164.0	1700355416.4299617
False	15	324.140625	3230.0	1700355416.431241
False	15	325.3125	3284.0	1700355416.431646
False	13	326.5	3322.0	1700355416.4320102
False	15	327.640625	3365.0	1700355416.432371
False	15	328.859375	0.0	1700355416.4328778
False	15	330.046875	3180.25	1700355416.4342878
False	15	331.203125	3144.0	1700355416.4351058
False	15	332.375	3127.75	1700355416.4367876
False	15	333.5625	3127.0	1700355416.439617
False	15	334.71875	3135.5	1700355416.4403677
False	15	335.875	3195.5	1700355416.4408026
False	15	337.09375	3187.25	1700355416.4411983
False	14	338.265625	3152.25	1700355416.4418745
False	15	339.453125	0.0	1700355416.442453
False	15	340.609375	2929.25	1700355416.4491653
False	15	341.796875	2943.5	1700355416.45029
False	15	342.96875	2974.0	1700355416.4522264
False	15	344.359375	0.0	1700355416.453439
False	15	345.5	2125.25	1700355416.454179
False	15	346.6875	2116.75	1700355416.4552703
False	15	347.828125	2106.5	1700355416.45582
False	15	349.015625	2096.0	1700355416.4570043
False	15	350.171875	2086.0	1700355416.457369
True	15	351.328125	2081.5	1700355416.4580457
False	15	352.546875	2079.5	1700355416.4584467
False	15	354.234375	0.0	1700355416.4591084
False	15	355.453125	1144.5	1700355416.4596148
False	15	356.671875	1113.5	1700355416.4609017
False	15	357.859375	0.0	1700355416.4612753
False	15	359.140625	1026.5	1700355416.4623291
False	15	0.28125	1022.75	1700355416.462801
False	15	1.421875	1020.25	1700355416.463186
False	15	2.671875	1017.5	1700355416.4635334
False	15	3.796875	1018.0	1700355416.4638753
False	15	4.984375	1016.75	1700355416.4642198
False	15	6.078125	1014.5	1700355416.4646187
False	15	7.296875	0.0	1700355416.4650261
False	15	15.046875	0.0	1700355416.4654071
False	15	16.234375	0.0	1700355416.4659512
False	15	10.625	0.0	1700355416.4663403
False	10	11.796875	0.0	1700355416.4668193
False	0	19.671875	0.0	1700355416.4671962
False	15	20.875	0.0	1700355416.4675367
False	15	14.671875	0.0	1700355416.4678748
False	15	15.84375	2245.25	1700355416.4682136
False	15	17.0	2266.0	1700355416.4685545
False	15	18.203125	2268.0	1700355416.468901
False	15	19.34375	2269.0	1700355416.4692574
False	15	20.53125	2288.75	1700355416.4698792
False	15	21.671875	2295.25	1700355416.470366
False	15	22.859375	2300.5	1700355416.470787
False	15	24.03125	2308.25	1700355416.4712067
False	0	32.546875	0.0	1700355416.4715853
False	0	33.703125	0.0	1700355416.4719336
False	0	34.890625	0.0	1700355416.472273
False	0	36.046875	0.0	1700355416.4726102
False	0	37.21875	0.0	1700355416.4729536
False	0	38.390625	0.0	1700355416.4732924
False	0	39.5625	0.0	1700355416.4738195
False	0	40.734375	0.0	1700355416.4748263
False	0	41.890625	0.0	1700355416.4752133
False	0	43.125	0.0	1700355416.4755778
False	0	44.296875	0.0	1700355416.475981
False	0	45.46875	0.0	1700355416.4763687
False	0	46.640625	0.0	1700355416.4772925
False	10	40.46875	0.0	1700355416.47782
False	15	41.65625	2189.25	1700355416.478186
False	12	42.8125	2207.75	1700355416.4785557
False	8	43.984375	2232.5	1700355416.4790967
False	15	45.15625	2269.25	1700355416.4795086
False	0	53.671875	0.0	1700355416.479976
False	0	54.84375	0.0	1700355416.480432
False	0	56.015625	0.0	1700355416.4818852
False	15	49.796875	0.0	1700355416.4825077
False	15	50.984375	2374.5	1700355416.4844117
False	11	52.140625	2385.25	1700355416.4890053
False	12	53.3125	2413.75	1700355416.4894502
False	15	54.46875	2435.5	1700355416.4903705
False	15	55.65625	2474.75	1700355416.4908686
False	15	56.8125	0.0	1700355416.4912493
False	0	65.390625	0.0	1700355416.4916098
False	9	59.171875	2630.0	1700355416.491961
False	15	67.8125	0.0	1700355416.4923003
False	9	68.984375	0.0	1700355416.4926426
False	14	62.6875	2646.75	1700355416.492984
False	7	63.828125	0.0	1700355416.4933527
False	15	65.109375	0.0	1700355416.497174
False	15	66.28125	2324.75	1700355416.4977896
False	15	67.484375	2345.0	1700355416.4982054
False	15	68.65625	2338.75	1700355416.4985774
False	15	69.84375	2307.25	1700355416.4992352
False	0	78.375	0.0	1700355416.4996347
False	0	79.546875	0.0	1700355416.4999928
False	0	80.734375	0.0	1700355416.5009868
False	9	74.5	0.0	1700355416.5013943
False	15	75.78125	0.0	1700355416.5019946
False	15	84.265625	0.0	1700355416.5029886
False	0	85.421875	0.0	1700355416.5035079
False	0	86.609375	0.0	1700355416.5040112
False	0	87.78125	0.0	1700355416.5071578
False	0	88.953125	0.0	1700355416.5076551
False	0	90.0625	0.0	1700355416.5086281
False	9	83.625	0.0	1700355416.509042
False	8	84.859375	0.0	1700355416.5094492
False	0	93.578125	0.0	1700355416.5100756
False	9	87.140625	0.0	1700355416.5104825
False	0	95.90625	0.0	1700355416.5110645
False	0	97.078125	0.0	1700355416.512012
False	0	98.25	0.0	1700355416.512507
False	9	92.078125	0.0	1700355416.512893
False	0	100.59375	0.0	1700355416.5132725
False	10	94.453125	2202.0	1700355416.5140166
False	7	102.953125	0.0	1700355416.514535
False	15	96.890625	0.0	1700355416.517217
False	0	105.265625	0.0	1700355416.518315
False	0	106.4375	0.0	1700355416.5192049
False	0	107.609375	0.0	1700355416.5197246
False	0	108.78125	0.0	1700355416.5200877
False	0	109.953125	0.0	1700355416.5204442
False	0	111.125	0.0	1700355416.520798
False	0	112.296875	0.0	1700355416.5211697
False	0	113.46875	0.0	1700355416.5219789
False	0	114.609375	0.0	1700355416.5226674
False	15	108.515625	0.0	1700355416.5314116
False	15	109.671875	2052.75	1700355416.532789
False	15	110.8125	2055.5	1700355416.533207
False	15	111.984375	2058.25	1700355416.5343568
False	15	113.15625	2064.0	1700355416.5350337
False	15	114.296875	2072.5	1700355416.536145
False	15	115.46875	2080.5	1700355416.5365531
False	15	116.65625	2086.0	1700355416.5368967
False	15	117.796875	2092.25	1700355416.5372446
False	15	118.984375	2103.0	1700355416.5385387
False	15	120.140625	2115.25	1700355416.5407426
False	15	121.328125	2124.5	1700355416.5411222
False	15	122.5	2134.75	1700355416.5414734
False	15	123.671875	2144.5	1700355416.5420265
False	15	124.828125	2160.25	1700355416.5429618
False	15	125.96875	2181.75	1700355416.5433483
False	15	127.140625	2201.25	1700355416.5437303
False	15	128.328125	2213.0	1700355416.5444295
False	15	129.5	0.0	1700355416.5447953
False	15	130.734375	0.0	1700355416.5451725
False	15	131.859375	0.0	1700355416.5455334
False	15	133.046875	2082.5	1700355416.5460944
False	15	134.234375	2047.0	1700355416.5464473
False	15	135.40625	2022.75	1700355416.5469947
False	15	136.65625	0.0	1700355416.5474646
False	15	137.8125	1882.25	1700355416.5478318
False	15	139.078125	0.0	1700355416.5481832
False	15	140.28125	0.0	1700355416.5487595
False	15	141.453125	0.0	1700355416.54912
False	15	142.640625	0.0	1700355416.5494604
False	15	143.8125	1572.25	1700355416.55001
False	0	152.03125	0.0	1700355416.5503573
False	15	146.171875	0.0	1700355416.5507367
False	15	147.390625	1467.25	1700355416.5510955
False	15	148.59375	0.0	1700355416.5514348
False	15	149.796875	1379.25	1700355416.55178
False	9	150.875	0.0	1700355416.5521402
False	15	152.125	0.0	1700355416.5525088
False	15	153.359375	0.0	1700355416.5528715
False	15	154.578125	1280.5	1700355416.5532918
False	15	155.796875	0.0	1700355416.5538633
False	15	163.78125	0.0	1700355416.5542362
False	15	164.953125	0.0	1700355416.5545778
False	0	166.09375	0.0	1700355416.5549684
False	8	160.53125	0.0	1700355416.5553088
False	15	161.75	1151.0	1700355416.5556397
False	15	162.8125	0.0	1700355416.5559742
False	0	170.78125	0.0	1700355416.5565703
False	0	171.953125	0.0	1700355416.556938
False	15	166.453125	0.0	1700355416.5572968
False	14	174.3125	0.0	1700355416.5578725
False	15	175.46875	0.0	1700355416.5584407
False	15	170.0	1076.0	1700355416.559037
False	15	171.8125	0.0	1700355416.560047
False	15	172.421875	0.0	1700355416.5604475
False	15	173.5625	1001.75	1700355416.5608835
False	15	174.828125	1014.75	1700355416.5621262
False	15	175.96875	1010.75	1700355416.5629535
False	15	177.140625	1004.0	1700355416.5662026
False	15	178.25	998.25	1700355416.5675554
False	15	179.515625	994.25	1700355416.5681112
False	15	180.71875	0.0	1700355416.5684614
False	15	181.765625	0.0	1700355416.568805
False	15	183.015625	1001.5	1700355416.5695148
False	15	184.203125	978.75	1700355416.5700548
False	15	185.40625	963.75	1700355416.5704386
False	15	186.5625	959.5	1700355416.5710206
False	15	187.734375	949.5	1700355416.5713995
False	15	188.953125	937.0	1700355416.5717745
False	15	190.15625	941.0	1700355416.572117
False	15	191.328125	942.5	1700355416.5724728
False	15	192.46875	933.0	1700355416.5728273
False	15	193.609375	934.5	1700355416.573176
False	15	194.78125	928.75	1700355416.5735168
False	15	196.015625	915.25	1700355416.574057
False	15	197.140625	911.5	1700355416.5744102
False	15	198.390625	910.75	1700355416.5748117
False	15	199.546875	914.5	1700355416.5757725
False	15	200.703125	926.75	1700355416.5761545
False	15	201.875	932.25	1700355416.5765293
False	15	202.953125	931.75	1700355416.5769053
False	15	204.125	938.0	1700355416.577315
False	15	204.921875	0.0	1700355416.5784495
False	15	206.125	1268.5	1700355416.5790908
False	15	207.359375	1264.25	1700355416.579509
False	15	208.484375	1258.0	1700355416.579863
False	15	209.578125	1276.75	1700355416.5802102
False	0	217.65625	0.0	1700355416.580554
False	15	212.15625	0.0	1700355416.5808976
False	15	213.46875	0.0	1700355416.5812788
False	15	221.1875	0.0	1700355416.5822747
False	15	222.375	0.0	1700355416.5827367
False	15	216.828125	0.0	1700355416.583596
False	15	218.125	0.0	1700355416.5841558
False	15	225.890625	0.0	1700355416.584535
False	15	227.046875	0.0	1700355416.5848823
False	15	221.5	0.0	1700355416.5852256
False	15	222.671875	1122.0	1700355416.5857716
False	15	223.8125	0.0	1700355416.5861583
False	15	224.984375	1169.5	1700355416.5871787
False	15	226.109375	0.0	1700355416.5877023
False	15	227.296875	1199.5	1700355416.5881927
False	15	228.421875	0.0	1700355416.5886714
False	15	229.578125	1284.75	1700355416.589963
False	15	237.640625	0.0	1700355416.590464
False	15	238.8125	0.0	1700355416.590912
False	15	233.03125	0.0	1700355416.5913184
False	15	234.203125	0.0	1700355416.591714
False	0	242.3125	0.0	1700355416.5946457
False	0	243.484375	0.0	1700355416.5954795
False	15	237.765625	0.0	1700355416.595868
False	15	239.28125	0.0	1700355416.596226
False	15	240.046875	0.0	1700355416.596586
False	0	248.171875	0.0	1700355416.5978255
False	0	249.34375	0.0	1700355416.598489
False	15	243.359375	0.0	1700355416.5990677
False	15	244.625	0.0	1700355416.5995069
False	15	245.78125	0.0	1700355416.599897
False	15	246.875	1676.25	1700355416.6002736
False	15	248.046875	1705.0	1700355416.6007211
False	15	249.28125	1704.25	1700355416.6012237
False	15	250.34375	0.0	1700355416.6025894
False	15	251.484375	0.0	1700355416.612622
False	15	252.609375	1995.5	1700355416.613138
False	15	253.828125	1992.0	1700355416.6149724
False	15	254.984375	1977.75	1700355416.6157277
False	15	263.4375	0.0	1700355416.616357
False	15	264.609375	0.0	1700355416.6169264
False	15	258.453125	0.0	1700355416.6173692
False	8	259.5625	0.0	1700355416.6181338
False	15	260.703125	0.0	1700355416.619756
False	15	261.828125	2632.25	1700355416.6327555
False	15	263.015625	2649.0	1700355416.6341264
False	15	264.265625	0.0	1700355416.6354673
False	15	265.34375	0.0	1700355416.6359265
False	15	266.5625	2646.0	1700355416.6363013
False	15	267.71875	2622.5	1700355416.6367016
False	15	268.890625	2612.25	1700355416.647763
False	15	270.09375	2602.75	1700355416.6482666
False	15	271.265625	2589.75	1700355416.6489468
False	15	272.4375	2581.5	1700355416.6499708
False	15	273.578125	2571.0	1700355416.6504114
False	15	274.65625	2557.75	1700355416.6508853
False	15	275.828125	2545.75	1700355416.6634274
False	15	277.015625	2535.25	1700355416.663913
False	15	278.1875	2532.25	1700355416.6642954
False	15	279.34375	2528.75	1700355416.664673
False	15	280.515625	2524.75	1700355416.665115
False	15	281.703125	2521.5	1700355416.6665251
False	15	282.84375	2522.25	1700355416.667358
False	15	284.015625	2522.5	1700355416.669903
False	15	285.203125	2517.75	1700355416.6710753
False	15	286.375	2517.25	1700355416.6717303
False	15	287.515625	2519.0	1700355416.6724703
False	15	288.6875	2521.0	1700355416.6728365
False	15	289.890625	2526.25	1700355416.6735706
False	15	291.046875	2529.75	1700355416.6742778
False	15	292.21875	2530.5	1700355416.6746724
False	15	293.40625	0.0	1700355416.6751544
False	15	294.609375	2362.0	1700355416.6755145
False	15	295.703125	0.0	1700355416.675862
False	15	296.875	2533.0	1700355416.6762004
False	15	298.046875	2569.75	1700355416.6765523
False	15	299.28125	2577.75	1700355416.6768975
False	15	300.46875	0.0	1700355416.6772356
False	0	309.03125	0.0	1700355416.6775815
False	0	310.203125	0.0	1700355416.6781352
False	15	303.984375	0.0	1700355416.6785047
False	15	305.09375	0.0	1700355416.6789155
False	15	306.28125	2677.5	1700355416.6792746
False	15	307.421875	2678.5	1700355416.6796317
False	15	308.59375	2700.5	1700355416.6799843
False	15	309.78125	2721.75	1700355416.6803372
False	15	310.953125	2744.25	1700355416.6807072
False	15	312.109375	2768.25	1700355416.681061
False	15	313.25	0.0	1700355416.6814084
False	15	314.4375	2898.75	1700355416.682004
False	15	315.59375	2910.5	1700355416.6824882
False	15	316.765625	2935.5	1700355416.682972
False	15	317.9375	2966.0	1700355416.6833472
False	15	319.109375	3002.75	1700355416.6919575
False	15	320.234375	3037.0	1700355416.6963964
False	15	321.40625	3070.0	1700355416.6980674
False	15	322.5625	0.0	1700355416.699002
False	15	323.75	3219.25	1700355416.6996055
False	15	324.890625	3255.75	1700355416.6999843
False	15	326.09375	0.0	1700355416.7008274
False	15	327.265625	3110.75	1700355416.7012131
False	15	328.4375	0.0	1700355416.7015648
False	15	329.609375	0.0	1700355416.7024477
False	15	330.78125	3046.5	1700355416.7029238
False	15	331.953125	3021.0	1700355416.7033072
False	15	333.125	0.0	1700355416.7036703
False	15	334.296875	3128.0	1700355416.7040248
False	15	335.453125	3160.5	1700355416.7045023
False	15	336.640625	3176.25	1700355416.7112672
False	13	337.8125	3178.0	1700355416.7123315
False	15	339.015625	0.0	1700355416.7143333
False	15	340.171875	2942.75	1700355416.7150238
False	15	341.359375	2940.0	1700355416.7155306
False	15	342.53125	2954.5	1700355416.7286375
False	15	343.671875	3012.0	1700355416.7295454
False	15	345.03125	0.0	1700355416.7305846
False	15	346.203125	2119.0	1700355416.7315772
False	15	347.421875	2109.5	1700355416.7320764
False	15	348.609375	2097.0	1700355416.7325263
False	15	349.765625	2087.5	1700355416.7485785
False	15	350.9375	2084.5	1700355416.7498982
True	15	352.125	2080.5	1700355416.750912
False	15	353.859375	0.0	1700355416.7517483
False	15	355.078125	0.0	1700355416.7541711
False	15	356.265625	1116.75	1700355416.7559237
False	15	357.515625	0.0	1700355416.756389
False	15	358.703125	1030.25	1700355416.7568731
False	15	359.90625	1023.75	1700355416.759256
False	15	1.03125	1022.25	1700355416.76004
False	15	2.296875	1020.25	1700355416.7606606
False	15	3.359375	1018.25	1700355416.761148
False	15	4.625	1015.5	1700355416.7615907
False	15	5.765625	1013.0	1700355416.762319
False	15	6.921875	1023.25	1700355416.7630787
False	15	8.109375	1024.75	1700355416.7635572
False	15	15.875	0.0	1700355416.764018
False	15	17.03125	0.0	1700355416.7644324
False	9	11.53125	0.0	1700355416.764814
False	9	12.65625	1099.75	1700355416.7651799
False	15	13.15625	0.0	1700355416.7655454
False	15	14.296875	2241.25	1700355416.7659426
False	15	15.453125	2249.0	1700355416.7663634
False	15	16.640625	2264.5	1700355416.7681103
False	15	17.8125	2280.75	1700355416.7717757
False	15	18.96875	2287.5	1700355416.7722898
False	15	20.15625	2275.75	1700355416.7727087
False	15	21.296875	2278.25	1700355416.775218
False	15	22.4375	2298.25	1700355416.7757385
False	15	23.640625	2303.5	1700355416.7767427
False	0	32.15625	0.0	1700355416.7780056
False	0	33.328125	0.0	1700355416.7790532
False	0	34.5	0.0	1700355416.779584
False	0	35.671875	0.0	1700355416.779982
False	0	36.828125	0.0	1700355416.7804973
False	0	38.0	0.0	1700355416.782269
False	0	39.171875	0.0	1700355416.7836561
False	0	40.34375	0.0	1700355416.7843597
False	0	41.515625	0.0	1700355416.7848861
False	0	42.78125	0.0	1700355416.785347
False	0	43.96875	0.0	1700355416.7871501
False	0	45.140625	0.0	1700355416.787599
False	0	46.3125	0.0	1700355416.7882552
False	11	40.171875	0.0	1700355416.7919004
False	9	41.34375	2184.25	1700355416.7928784
False	12	42.5	2201.75	1700355416.793342
False	12	43.6875	2227.25	1700355416.7937758
False	0	52.1875	0.0	1700355416.794576
False	0	53.359375	0.0	1700355416.7952092
False	0	54.53125	0.0	1700355416.79557
False	0	55.703125	0.0	1700355416.7959156
False	15	49.484375	0.0	1700355416.7962918
False	8	50.6875	2375.25	1700355416.79689
False	11	51.828125	2388.75	1700355416.7973075
False	14	52.984375	2412.0	1700355416.7976725
False	15	54.1875	2430.75	1700355416.7984273
False	15	55.359375	2462.0	1700355416.7991154
False	15	56.5	2519.5	1700355416.8001635
False	0	65.09375	0.0	1700355416.8006516
False	7	58.8125	0.0	1700355416.8010392
False	15	59.984375	2676.75	1700355416.8014197
False	11	61.140625	0.0	1700355416.8024166
False	13	62.328125	0.0	1700355416.804334
False	0	70.96875	0.0	1700355416.804709
False	15	64.75	0.0	1700355416.8050792
False	15	65.953125	2343.25	1700355416.80545
False	8	67.09375	0.0	1700355416.8058076
False	15	68.265625	2388.0	1700355416.8061635
False	0	76.84375	0.0	1700355416.8065104
False	15	70.671875	0.0	1700355416.8070185
False	0	79.1875	0.0	1700355416.8073914
False	0	80.359375	0.0	1700355416.8077376
False	9	74.203125	2276.75	1700355416.8080804
False	0	82.71875	0.0	1700355416.8085728
False	0	83.890625	0.0	1700355416.8105342
False	12	77.65625	0.0	1700355416.8112295
False	0	86.234375	0.0	1700355416.811991
False	0	87.40625	0.0	1700355416.812386
False	15	82.5	0.0	1700355416.8127496
False	0	89.765625	0.0	1700355416.8142498
False	15	83.671875	0.0	1700355416.8146644
False	15	84.078125	0.0	1700355416.8151155
False	15	85.890625	0.0	1700355416.8158824
False	15	86.5625	0.0	1700355416.816249
False	0	95.5625	0.0	1700355416.816599
False	0	96.734375	0.0	1700355416.8169408
False	0	97.90625	0.0	1700355416.817685
False	8	92.453125	0.0	1700355416.819471
False	15	92.984375	0.0	1700355416.8198733
False	10	93.453125	0.0	1700355416.820255
False	8	102.609375	0.0	1700355416.8208287
False	15	103.765625	0.0	1700355416.8219354
False	0	104.921875	0.0	1700355416.8223457
False	0	106.09375	0.0	1700355416.8231895
False	0	107.265625	0.0	1700355416.8366873
False	0	108.4375	0.0	1700355416.837286
False	0	109.59375	0.0	1700355416.8376708
False	0	110.765625	0.0	1700355416.8383102
False	0	111.9375	0.0	1700355416.8387632
False	0	113.109375	0.0	1700355416.8392086
False	0	114.28125	0.0	1700355416.8397188
False	0	115.453125	0.0	1700355416.8401508
False	0	116.625	0.0	1700355416.841682
False	0	117.796875	0.0	1700355416.845896
False	0	118.96875	0.0	1700355416.847409
False	0	120.125	0.0	1700355416.848499
False	15	114.0	0.0	1700355416.8489263
False	15	115.171875	2076.0	1700355416.8492968
False	15	116.328125	2083.5	1700355416.860335
False	15	117.5	2090.0	1700355416.8608062
False	15	118.703125	2099.0	1700355416.867392
False	15	119.84375	2108.75	1700355416.8679001
False	15	121.0	2120.75	1700355416.8683124
False	15	122.171875	2133.5	1700355416.8689244
False	15	123.359375	2149.25	1700355416.871563
False	15	124.515625	2164.75	1700355416.8721216
False	15	125.6875	2178.5	1700355416.8734367
False	15	126.859375	2193.75	1700355416.8760345
False	15	128.0	2210.5	1700355416.8768225
False	15	129.203125	2197.0	1700355416.8776722
False	15	130.4375	0.0	1700355416.8788533
False	15	131.546875	0.0	1700355416.881409
False	15	132.765625	2106.5	1700355416.8855762
False	15	133.953125	2070.75	1700355416.886458
False	15	135.109375	2038.75	1700355416.8872676
False	15	136.28125	1987.75	1700355416.8895514
False	15	137.453125	1966.5	1700355416.8915384
False	15	138.78125	0.0	1700355416.892448
False	15	140.0	1631.5	1700355416.8930726
False	15	141.125	1632.5	1700355416.8948076
False	14	142.296875	1609.75	1700355416.8956208
False	15	143.515625	1604.75	1700355416.896085
False	0	151.75	0.0	1700355416.8965547
False	15	145.890625	0.0	1700355416.896945
False	15	147.15625	0.0	1700355416.897312
False	15	148.359375	1396.75	1700355416.8976803
False	15	149.453125	1384.25	1700355416.8984914
False	15	150.546875	0.0	1700355416.899019
False	15	151.71875	1515.0	1700355416.8994126
False	15	153.09375	0.0	1700355416.9007783
False	15	154.25	1283.0	1700355416.9012346
False	15	155.484375	0.0	1700355416.9024606
False	15	156.640625	1211.75	1700355416.9031107
False	15	164.65625	0.0	1700355416.9037952
False	15	165.8125	0.0	1700355416.9043894
False	0	166.953125	0.0	1700355416.9062364
False	13	161.390625	0.0	1700355416.9072187
False	15	162.515625	0.0	1700355416.9075992
False	0	170.46875	0.0	1700355416.9093702
False	0	171.625	0.0	1700355416.9099362
False	9	166.171875	0.0	1700355416.9103093
False	15	167.671875	0.0	1700355416.9113905
False	15	168.46875	0.0	1700355416.9132597
False	15	169.625	1078.5	1700355416.9141119
False	0	177.484375	0.0	1700355416.9145908
False	15	172.1875	0.0	1700355416.9158163
False	15	173.28125	0.0	1700355416.9162378
False	15	174.46875	1018.25	1700355416.9165857
False	15	175.65625	1015.5	1700355416.917025
False	15	176.765625	1010.5	1700355416.9179966
False	15	178.015625	999.0	1700355416.918359
False	15	179.125	994.5	1700355416.9230757
False	15	180.3125	985.5	1700355416.9235408
False	15	181.546875	992.0	1700355416.9239237
False	15	182.6875	1004.5	1700355416.924281
False	15	183.84375	0.0	1700355416.9246323
False	15	185.0625	964.25	1700355416.924989
False	15	186.265625	961.0	1700355416.9254131
False	15	187.390625	953.75	1700355416.925824
False	15	188.640625	935.75	1700355416.926219
False	15	189.796875	936.75	1700355416.926602
False	15	191.0	944.0	1700355416.9270465
False	15	192.09375	935.25	1700355416.9274225
False	15	193.296875	927.75	1700355416.9277656
False	15	194.5	930.75	1700355416.9281015
False	15	195.640625	0.0	1700355416.9291017
False	15	196.796875	908.75	1700355416.9295735
False	15	198.078125	911.5	1700355416.9299517
False	15	199.25	913.75	1700355416.9303317
False	15	200.28125	925.25	1700355416.9307423
False	15	201.546875	932.75	1700355416.9355218
False	15	202.625	931.75	1700355416.9401724
False	15	203.953125	934.75	1700355416.9406307
False	15	204.65625	0.0	1700355416.940986
False	15	205.8125	1262.0	1700355416.9413352
False	15	207.0625	1272.25	1700355416.9423873
False	15	208.171875	1278.25	1700355416.9428859
False	15	209.328125	1281.5	1700355416.9433112
False	0	217.375	0.0	1700355416.9437423
False	15	211.890625	0.0	1700355416.9441128
False	15	213.203125	0.0	1700355416.94446
False	15	220.921875	0.0	1700355416.9448178
False	15	222.09375	0.0	1700355416.945168
False	15	216.796875	0.0	1700355416.9455159
False	0	224.421875	0.0	1700355416.945889
False	15	219.046875	0.0	1700355416.9462383
False	15	220.125	0.0	1700355416.9465766
False	15	227.96875	0.0	1700355416.9610174
False	15	229.140625	0.0	1700355416.961734
False	15	223.5625	0.0	1700355416.9622083
False	15	224.71875	1173.75	1700355416.9626708
False	15	225.875	1199.0	1700355416.9638011
False	15	227.03125	1217.5	1700355416.9677958
False	15	228.171875	0.0	1700355416.968206
False	15	229.34375	1273.75	1700355416.968722
False	15	230.4375	0.0	1700355416.971088
False	15	231.5	0.0	1700355416.9725027
False	15	232.71875	0.0	1700355416.975586
False	13	234.28125	0.0	1700355416.9765663
False	0	242.03125	0.0	1700355416.9779832
False	15	243.234375	0.0	1700355416.9785442
False	0	244.375	0.0	1700355416.9791641
False	15	239.546875	0.0	1700355416.9799182
False	15	239.796875	0.0	1700355416.981564
False	0	247.890625	0.0	1700355416.9835377
False	15	242.125	1396.5	1700355416.984326
False	15	243.1875	0.0	1700355416.9850981
False	15	244.4375	0.0	1700355416.9864404
False	15	245.53125	0.0	1700355416.987028
False	15	246.65625	0.0	1700355416.987478
False	15	247.765625	1708.5	1700355416.9879973
False	15	248.984375	1713.75	1700355416.9884133
False	15	257.3125	0.0	1700355416.988838
False	15	258.484375	0.0	1700355416.989224
False	15	252.359375	0.0	1700355416.9898748
False	15	253.5625	2000.5	1700355416.9903574
False	15	254.75	0.0	1700355416.9914382
False	15	255.9375	1931.75	1700355416.9919267
False	15	257.078125	0.0	1700355416.992353
False	15	258.21875	0.0	1700355416.994386
False	15	259.34375	0.0	1700355416.9969182
False	15	260.453125	0.0	1700355416.9975476
False	15	261.609375	2612.25	1700355416.9993787
False	15	262.765625	2647.5	1700355416.9999788
False	15	263.9375	2637.25	1700355417.000402
False	15	265.125	2655.25	1700355417.0015578
False	15	266.28125	2657.0	1700355417.0020669
False	15	267.46875	2624.25	1700355417.0173068
False	15	268.640625	2607.75	1700355417.0189223
False	15	269.84375	2599.0	1700355417.0197823
False	15	270.984375	2591.0	1700355417.0205045
False	15	272.1875	2579.75	1700355417.0210583
False	15	273.34375	2564.75	1700355417.0215435
False	15	274.515625	2553.0	1700355417.0220823
False	15	275.609375	2543.5	1700355417.0249114
False	15	276.765625	2541.0	1700355417.0262735
False	15	277.953125	2538.25	1700355417.0322127
False	15	279.140625	2525.75	1700355417.0333197
False	15	280.28125	2521.5	1700355417.0363712
False	15	281.484375	2524.25	1700355417.0370588
False	15	282.640625	2526.0	1700355417.0383248
False	15	283.796875	2522.75	1700355417.038847
False	15	284.96875	2513.5	1700355417.0392768
False	15	286.140625	2512.75	1700355417.0397983
False	15	287.3125	2520.5	1700355417.040241
False	15	288.5	2522.75	1700355417.0407157
False	15	289.671875	2523.0	1700355417.0413344
False	15	290.8125	2525.5	1700355417.0424683
False	15	292.0	2526.0	1700355417.044795
False	15	293.171875	0.0	1700355417.0452504
False	15	294.390625	2394.25	1700355417.0466077
False	15	295.515625	2428.5	1700355417.047148
False	15	296.6875	0.0	1700355417.0475192
False	15	297.8125	2570.5	1700355417.0478706
False	15	299.078125	2578.75	1700355417.0488172
False	15	300.25	2603.25	1700355417.049227
False	0	308.859375	0.0	1700355417.0495872
False	15	302.65625	0.0	1700355417.05011
False	15	303.8125	2500.75	1700355417.0504842
False	15	304.953125	0.0	1700355417.0509138
False	15	306.078125	2663.5	1700355417.0515523
False	15	307.265625	2679.0	1700355417.0519576
False	15	402.4375	11474.5	1700355417.052387
