False	15	199.0	0.0	1700355530.6693213
False	0	240.984375	0.0	1700355530.6717007
False	0	242.15625	0.0	1700355530.6722393
False	0	243.34375	0.0	1700355530.6727903
False	0	244.515625	0.0	1700355530.6737514
False	0	245.703125	0.0	1700355530.6741986
False	0	246.890625	0.0	1700355530.6746302
False	0	248.078125	0.0	1700355530.675285
False	15	249.265625	0.0	1700355530.6756628
False	15	250.453125	0.0	1700355530.6760318
False	15	244.5625	0.0	1700355530.6763937
False	15	245.671875	0.0	1700355530.676897
False	15	246.859375	1696.75	1700355530.6778483
False	15	248.0	1704.75	1700355530.6783106
False	15	249.1875	1703.75	1700355530.6794753
False	8	257.546875	0.0	1700355530.6798592
False	15	258.703125	0.0	1700355530.6808279
False	15	252.578125	0.0	1700355530.6815226
False	15	253.796875	1995.5	1700355530.6819096
False	15	254.984375	1981.75	1700355530.682284
False	15	256.171875	1942.25	1700355530.6826344
False	15	257.296875	0.0	1700355530.6830509
False	15	258.515625	2116.25	1700355530.6844132
False	9	259.609375	0.0	1700355530.684846
False	15	260.6875	0.0	1700355530.6854737
False	15	261.859375	2630.5	1700355530.6863577
False	15	263.046875	2640.25	1700355530.687051
False	15	264.3125	0.0	1700355530.6879199
False	15	265.40625	0.0	1700355530.6886969
False	15	266.625	2641.75	1700355530.6977053
False	15	267.78125	2628.5	1700355530.6986394
False	15	269.0	2617.5	1700355530.699741
False	15	270.171875	2605.0	1700355530.7001915
False	15	271.359375	2588.75	1700355530.700586
False	15	272.546875	2572.75	1700355530.7014568
False	15	273.734375	2565.25	1700355530.7031484
False	15	274.84375	2554.25	1700355530.7042596
False	15	276.046875	2540.5	1700355530.707264
False	15	277.21875	2534.0	1700355530.7077496
False	15	278.40625	2535.0	1700355530.7081413
False	15	279.546875	2533.75	1700355530.7085152
False	15	280.765625	2528.75	1700355530.7096202
False	15	281.9375	2524.25	1700355530.7101383
False	15	283.09375	2521.75	1700355530.7105193
False	15	284.296875	2497.75	1700355530.710994
False	15	285.46875	2493.75	1700355530.7113793
False	15	286.640625	2512.5	1700355530.7117524
False	15	287.8125	2516.0	1700355530.7121134
False	15	289.015625	2520.5	1700355530.7124813
False	15	290.171875	2526.25	1700355530.7133942
False	15	291.34375	2531.5	1700355530.7144048
False	15	292.546875	2510.75	1700355530.7165372
False	15	293.75	0.0	1700355530.7177715
False	15	294.96875	2375.75	1700355530.7182536
False	15	296.0625	0.0	1700355530.718893
False	15	297.234375	2573.25	1700355530.7198212
False	15	298.40625	2580.5	1700355530.7202141
False	15	299.671875	0.0	1700355530.7206082
False	15	300.859375	2451.75	1700355530.7216446
False	15	302.078125	2418.25	1700355530.72208
False	15	303.1875	0.0	1700355530.7224872
False	15	304.40625	0.0	1700355530.7232141
False	15	305.546875	0.0	1700355530.7242188
False	15	306.703125	0.0	1700355530.7277918
False	15	307.875	2682.75	1700355530.728897
False	15	309.046875	2706.75	1700355530.733761
False	15	310.25	2729.5	1700355530.7341366
False	15	311.40625	2750.5	1700355530.7344847
False	15	312.5625	2786.25	1700355530.7350438
False	15	313.75	2843.25	1700355530.738458
False	15	314.90625	2889.25	1700355530.7393105
False	15	316.09375	2923.5	1700355530.7397523
False	15	317.265625	2955.0	1700355530.7402594
False	15	318.4375	2980.5	1700355530.7413332
False	15	319.625	3017.75	1700355530.7426474
False	15	320.796875	3054.5	1700355530.743554
False	15	321.96875	3101.25	1700355530.7442348
False	15	323.140625	3162.0	1700355530.744828
False	15	324.328125	3229.75	1700355530.7497518
False	15	325.5	3290.5	1700355530.7518718
False	14	326.671875	3310.25	1700355530.753342
False	15	327.875	3294.25	1700355530.7562997
False	15	329.0625	3235.75	1700355530.757389
False	15	330.25	3172.25	1700355530.7582889
False	15	331.421875	3128.5	1700355530.7587585
False	15	332.59375	3119.25	1700355530.7593334
False	15	333.796875	3114.75	1700355530.7597463
False	15	334.953125	3127.0	1700355530.7601254
False	15	336.109375	0.0	1700355530.760679
False	15	337.34375	0.0	1700355530.7621849
False	0	346.03125	0.0	1700355530.764141
False	15	339.703125	0.0	1700355530.7656868
False	15	340.890625	2939.0	1700355530.7661817
False	15	342.0625	2952.5	1700355530.7665875
False	15	343.234375	2970.75	1700355530.7670712
False	15	344.625	0.0	1700355530.767509
False	15	345.78125	2119.75	1700355530.7679424
False	15	346.984375	2113.5	1700355530.7685106
False	15	348.140625	2105.75	1700355530.7705405
False	15	349.34375	2093.75	1700355530.7796252
False	15	350.515625	2087.25	1700355530.7807305
True	15	351.71875	2084.0	1700355530.7824833
False	15	352.890625	2081.25	1700355530.783858
False	15	354.703125	0.0	1700355530.786344
False	15	355.84375	1127.0	1700355530.788736
False	15	357.0625	0.0	1700355530.7903552
False	15	358.28125	1033.5	1700355530.7925205
False	15	359.5	1024.0	1700355530.7957525
False	15	0.703125	1023.5	1700355530.7966366
False	15	1.875	1021.5	1700355530.7993863
False	15	3.078125	1019.0	1700355530.799927
False	15	4.203125	1017.25	1700355530.800366
False	15	5.421875	1015.25	1700355530.800815
False	15	6.59375	1008.0	1700355530.8018334
False	15	7.8125	1008.5	1700355530.8023472
False	15	15.546875	0.0	1700355530.8030043
False	15	16.703125	0.0	1700355530.8063805
False	11	11.21875	0.0	1700355530.8070664
False	0	19.078125	0.0	1700355530.8076448
False	0	20.265625	0.0	1700355530.8080642
False	15	21.46875	0.0	1700355530.8181987
False	15	15.265625	0.0	1700355530.819414
False	15	16.46875	2283.5	1700355530.8208158
False	15	17.640625	2285.25	1700355530.8229961
False	15	18.84375	2289.5	1700355530.823586
False	15	20.015625	2286.5	1700355530.823952
False	15	21.15625	2283.0	1700355530.8243017
False	15	22.375	2276.5	1700355530.8246427
False	15	23.53125	2280.25	1700355530.8254664
False	0	32.078125	0.0	1700355530.826919
False	0	33.25	0.0	1700355530.8298512
False	0	34.4375	0.0	1700355530.8304343
False	0	35.609375	0.0	1700355530.8309698
False	0	36.796875	0.0	1700355530.831971
False	0	37.96875	0.0	1700355530.8323443
False	0	39.15625	0.0	1700355530.832859
False	0	40.34375	0.0	1700355530.834044
False	0	41.515625	0.0	1700355530.83474
False	0	42.75	0.0	1700355530.835232
False	0	43.9375	0.0	1700355530.8356652
False	0	45.125	0.0	1700355530.8360229
False	0	46.296875	0.0	1700355530.8363674
False	11	40.15625	0.0	1700355530.836715
False	9	41.3125	2181.75	1700355530.8377979
False	13	42.53125	2198.0	1700355530.8394203
False	13	43.671875	2227.75	1700355530.840525
False	0	52.21875	0.0	1700355530.8408976
False	0	53.40625	0.0	1700355530.8416333
False	0	54.59375	0.0	1700355530.8425956
False	0	55.78125	0.0	1700355530.8432217
False	0	56.953125	0.0	1700355530.8435905
False	0	58.140625	0.0	1700355530.843945
False	11	51.9375	0.0	1700355530.8448186
False	14	53.125	2414.75	1700355530.8455696
False	15	54.28125	2439.0	1700355530.8459759
False	15	55.453125	2473.5	1700355530.8463295
False	15	56.65625	2502.75	1700355530.8469431
False	0	65.25	0.0	1700355530.8473752
False	9	58.9375	0.0	1700355530.8477607
False	15	60.09375	2691.75	1700355530.849666
False	0	68.734375	0.0	1700355530.8539462
False	13	62.484375	2662.5	1700355530.8549175
False	0	71.09375	0.0	1700355530.8554738
False	10	64.921875	0.0	1700355530.8558748
False	15	66.078125	2333.0	1700355530.8562238
False	8	67.265625	0.0	1700355530.8565683
False	15	68.46875	0.0	1700355530.8569114
False	15	69.65625	2313.5	1700355530.8575857
False	15	70.828125	2283.0	1700355530.8579376
False	0	79.359375	0.0	1700355530.8584042
False	0	80.5625	0.0	1700355530.8596153
False	8	74.328125	0.0	1700355530.8607774
False	0	82.921875	0.0	1700355530.861413
False	0	84.09375	0.0	1700355530.8618212
False	0	85.28125	0.0	1700355530.8625937
False	0	86.46875	0.0	1700355530.8634279
False	0	87.640625	0.0	1700355530.864436
False	0	88.828125	0.0	1700355530.8658786
False	0	90.0	0.0	1700355530.8663166
False	12	83.578125	0.0	1700355530.8666706
False	0	92.34375	0.0	1700355530.8683462
False	0	93.515625	0.0	1700355530.8693423
False	8	87.109375	3515.25	1700355530.8709216
False	0	95.875	0.0	1700355530.874051
False	0	97.046875	0.0	1700355530.8768237
False	0	98.234375	0.0	1700355530.882338
False	9	92.046875	0.0	1700355530.88394
False	0	100.59375	0.0	1700355530.88471
False	9	101.796875	0.0	1700355530.8866732
False	15	95.421875	0.0	1700355530.8889246
False	0	104.125	0.0	1700355530.8899636
False	0	105.3125	0.0	1700355530.8917644
False	0	106.484375	0.0	1700355530.896248
False	0	107.671875	0.0	1700355530.8976247
False	0	108.84375	0.0	1700355530.898128
False	0	110.015625	0.0	1700355530.8987749
False	0	111.203125	0.0	1700355530.9003065
False	0	112.390625	0.0	1700355530.9019167
False	0	113.5625	0.0	1700355530.903285
False	0	114.734375	0.0	1700355530.9038558
False	0	115.90625	0.0	1700355530.905355
False	0	117.09375	0.0	1700355530.9061403
False	15	111.0	0.0	1700355530.9074714
False	15	112.15625	2065.0	1700355530.909835
False	15	113.3125	2071.0	1700355530.9138029
False	15	114.53125	2077.5	1700355530.9161203
False	15	115.671875	2084.25	1700355530.9178648
False	15	116.890625	2092.25	1700355530.919037
False	15	118.0625	2100.75	1700355530.9208245
False	15	119.203125	2113.25	1700355530.9244723
False	15	120.390625	2125.25	1700355530.9279861
False	15	121.5625	2135.25	1700355530.92871
False	15	122.71875	2148.75	1700355530.9302487
False	15	123.90625	2164.5	1700355530.9314437
False	15	125.078125	2179.75	1700355530.9352767
False	15	126.296875	2197.5	1700355530.936191
False	15	127.453125	2215.0	1700355530.9366195
False	15	128.65625	0.0	1700355530.9378483
False	15	129.8125	0.0	1700355530.9390335
False	15	130.875	0.0	1700355530.9394867
False	15	132.140625	0.0	1700355530.941458
False	15	140.625	0.0	1700355530.9431593
False	6	141.8125	0.0	1700355530.9461071
False	15	135.703125	0.0	1700355530.9477758
False	15	136.875	1986.25	1700355530.9483454
False	15	138.203125	0.0	1700355530.9501488
False	15	139.40625	0.0	1700355530.9516587
False	15	140.5625	0.0	1700355530.957862
False	15	141.75	0.0	1700355530.9606676
False	15	142.953125	1618.0	1700355530.961791
False	15	144.125	1612.0	1700355530.964088
False	0	152.375	0.0	1700355530.9659648
False	15	146.5625	0.0	1700355530.9685152
False	15	147.796875	0.0	1700355530.9782224
False	15	148.921875	1397.5	1700355530.9797354
False	0	157.078125	0.0	1700355530.9802425
False	15	151.25	0.0	1700355530.9809144
False	15	152.515625	0.0	1700355530.981812
False	15	153.765625	0.0	1700355530.9833565
False	15	154.984375	1280.75	1700355530.9840155
False	15	156.15625	0.0	1700355530.9849355
False	15	157.40625	1216.25	1700355530.9872122
False	12	158.71875	0.0	1700355530.987711
False	6	166.5	0.0	1700355530.9888623
False	12	160.921875	0.0	1700355530.9895124
False	8	162.125	1151.25	1700355530.991084
False	0	170.015625	0.0	1700355530.9915237
False	0	171.1875	0.0	1700355530.991882
False	0	172.359375	0.0	1700355530.992231
False	0	173.53125	0.0	1700355530.9925919
False	15	167.921875	0.0	1700355530.9993236
False	15	169.265625	0.0	1700355530.9997885
False	15	170.484375	1070.5	1700355531.0001602
False	15	171.6875	0.0	1700355531.000506
False	0	179.421875	0.0	1700355531.0011253
False	15	174.03125	1012.5	1700355531.0017185
False	15	175.234375	1016.5	1700355531.0022144
False	15	176.46875	1007.25	1700355531.0025992
False	15	177.640625	1001.0	1700355531.0030987
False	15	178.8125	995.5	1700355531.0039084
False	15	180.03125	989.25	1700355531.0042906
False	15	181.21875	994.5	1700355531.0046494
False	15	182.28125	1005.75	1700355531.0054605
False	15	183.609375	0.0	1700355531.005905
False	15	184.71875	964.5	1700355531.0063162
False	15	186.0	961.5	1700355531.0088592
False	15	187.140625	967.0	1700355531.014246
False	15	188.28125	0.0	1700355531.0159464
False	15	189.5	0.0	1700355531.030343
False	15	190.65625	0.0	1700355531.0350692
False	15	191.828125	936.5	1700355531.035936
False	15	193.15625	923.75	1700355531.036779
False	15	194.265625	925.25	1700355531.0375214
False	15	195.4375	0.0	1700355531.0394163
False	15	196.671875	899.75	1700355531.0398307
False	15	197.84375	911.5	1700355531.0409067
False	15	198.953125	912.75	1700355531.0413997
False	15	200.1875	917.25	1700355531.0418627
False	15	201.234375	926.75	1700355531.0422099
False	15	202.515625	932.25	1700355531.042554
False	15	203.6875	936.75	1700355531.043437
False	0	211.28125	0.0	1700355531.0437968
False	15	212.484375	0.0	1700355531.044133
False	15	206.828125	0.0	1700355531.044461
False	15	208.015625	1280.5	1700355531.0447917
False	15	209.140625	1289.0	1700355531.0456712
False	0	217.171875	0.0	1700355531.0460129
False	15	211.625	0.0	1700355531.0463467
False	15	212.96875	0.0	1700355531.0467608
False	15	220.734375	0.0	1700355531.04728
False	15	221.90625	0.0	1700355531.0476437
False	15	223.109375	0.0	1700355531.05023
False	15	224.265625	0.0	1700355531.0508616
False	15	225.453125	0.0	1700355531.0519073
False	15	226.625	0.0	1700355531.0524428
False	15	221.078125	0.0	1700355531.0574002
False	15	222.265625	1120.25	1700355531.0579822
False	15	223.375	1147.25	1700355531.058565
False	15	224.578125	1166.0	1700355531.0590518
False	15	225.75	1188.75	1700355531.0599263
False	15	226.921875	1217.5	1700355531.0602868
False	15	228.0	1243.5	1700355531.060633
False	15	229.1875	1262.5	1700355531.0609772
False	15	230.265625	0.0	1700355531.0613952
False	15	231.53125	0.0	1700355531.0617824
False	15	232.640625	0.0	1700355531.0627997
False	15	234.4375	0.0	1700355531.0632193
False	0	241.90625	0.0	1700355531.0635695
False	15	243.109375	0.0	1700355531.0639172
False	0	244.265625	0.0	1700355531.0648763
False	0	245.4375	0.0	1700355531.065264
False	15	239.640625	0.0	1700355531.0656173
False	0	247.796875	0.0	1700355531.0659752
False	15	242.015625	1398.5	1700355531.0663307
False	15	243.15625	1428.0	1700355531.066741
False	15	244.3125	1455.25	1700355531.068069
False	15	245.40625	0.0	1700355531.0700774
False	15	246.53125	0.0	1700355531.0704749
False	15	247.734375	1705.5	1700355531.0716398
False	15	248.90625	1712.25	1700355531.0720432
False	15	257.234375	0.0	1700355531.0723922
False	15	258.40625	0.0	1700355531.0727532
False	15	252.328125	0.0	1700355531.0730984
False	15	253.484375	2000.25	1700355531.073476
False	15	254.703125	0.0	1700355531.0738244
False	15	255.890625	1925.75	1700355531.0751824
False	15	257.015625	0.0	1700355531.07557
False	15	258.171875	0.0	1700355531.0759656
False	15	259.265625	0.0	1700355531.0763123
False	15	260.390625	0.0	1700355531.077257
False	15	261.578125	2618.25	1700355531.0776236
False	15	262.71875	2652.5	1700355531.0779786
False	15	263.921875	2648.0	1700355531.0783277
False	15	265.09375	2662.5	1700355531.0790293
False	15	266.265625	2653.5	1700355531.0800714
False	15	267.46875	2622.5	1700355531.0807872
False	15	268.625	2616.25	1700355531.0819454
False	15	269.828125	2598.5	1700355531.082308
False	15	270.96875	2578.25	1700355531.082641
False	15	272.15625	2578.25	1700355531.08306
False	15	273.359375	2575.0	1700355531.0834088
False	15	274.53125	2560.25	1700355531.083783
False	15	275.65625	2551.25	1700355531.0841274
False	15	276.859375	2542.25	1700355531.0844781
False	15	278.046875	2534.25	1700355531.084921
False	15	279.21875	2530.5	1700355531.0855882
False	15	280.375	2527.0	1700355531.0868626
False	15	281.5625	2524.75	1700355531.087583
False	15	282.71875	2521.25	1700355531.0882645
False	15	283.921875	2517.0	1700355531.0887294
False	15	285.109375	2516.5	1700355531.0898104
False	15	286.28125	2515.5	1700355531.0903404
False	15	287.453125	2513.75	1700355531.0910037
False	15	288.625	2520.5	1700355531.0944314
False	15	289.796875	2524.25	1700355531.0953124
False	15	290.96875	2525.25	1700355531.0957916
False	15	292.125	2530.5	1700355531.096277
False	15	293.359375	0.0	1700355531.0972247
False	15	294.5625	2364.25	1700355531.0982087
False	15	295.6875	0.0	1700355531.1029012
False	15	296.859375	2533.5	1700355531.1039352
False	15	298.0	2573.0	1700355531.1050496
False	15	299.25	2583.0	1700355531.105615
False	15	300.484375	0.0	1700355531.106001
False	15	301.625	2444.25	1700355531.1063647
False	15	302.796875	2482.75	1700355531.1067812
False	15	303.984375	2527.0	1700355531.1071653
False	15	305.140625	0.0	1700355531.107525
False	15	306.296875	2679.25	1700355531.1078792
False	15	307.484375	2674.5	1700355531.1082299
False	15	308.640625	2697.25	1700355531.1085796
False	15	309.8125	2722.25	1700355531.1089523
False	15	311.0	2747.5	1700355531.1093311
False	15	312.171875	2772.25	1700355531.1112835
False	15	313.328125	0.0	1700355531.1135356
False	15	314.5	0.0	1700355531.1154108
False	15	315.65625	2905.75	1700355531.1158917
False	15	316.84375	2935.25	1700355531.116454
False	15	318.03125	2973.0	1700355531.118616
False	15	319.203125	3013.5	1700355531.1198237
False	15	320.375	3045.5	1700355531.1391253
False	15	321.546875	3089.25	1700355531.1425984
False	15	322.703125	3166.25	1700355531.1544042
False	15	323.84375	3219.5	1700355531.159802
False	15	325.046875	3258.25	1700355531.1604376
False	14	326.21875	3277.75	1700355531.1614425
False	15	327.34375	0.0	1700355531.1618345
False	15	328.5625	0.0	1700355531.1621852
False	15	329.734375	3218.75	1700355531.1625376
False	15	330.9375	3200.0	1700355531.163031
False	15	332.15625	0.0	1700355531.1642888
False	15	333.3125	0.0	1700355531.1646874
False	15	334.46875	3121.25	1700355531.1650598
False	15	335.625	3179.0	1700355531.1659715
False	15	336.828125	3175.5	1700355531.1663857
False	15	338.0	3102.25	1700355531.166875
False	15	339.203125	0.0	1700355531.1688275
False	15	340.375	2943.0	1700355531.1695752
False	15	341.546875	2944.25	1700355531.171117
False	15	342.71875	2958.75	1700355531.171794
False	15	344.078125	0.0	1700355531.1727655
False	15	345.296875	2126.0	1700355531.173146
False	15	346.421875	2117.25	1700355531.173524
False	15	347.671875	2108.75	1700355531.1739159
False	15	348.84375	2095.75	1700355531.1751263
False	15	350.0	2090.25	1700355531.1765413
True	15	351.171875	2087.25	1700355531.1774604
False	15	352.390625	2080.0	1700355531.1805813
False	15	354.109375	0.0	1700355531.18299
False	15	355.296875	0.0	1700355531.1842186
False	15	356.515625	1112.0	1700355531.1864455
False	15	357.8125	0.0	1700355531.1872036
False	15	358.953125	1027.5	1700355531.1879559
False	15	0.140625	1024.0	1700355531.1885664
False	15	1.3125	1022.25	1700355531.189172
False	15	2.5625	1019.0	1700355531.1895914
False	15	3.765625	1015.75	1700355531.189955
False	15	4.890625	1015.75	1700355531.190298
False	15	6.015625	1016.5	1700355531.19063
False	15	7.203125	0.0	1700355531.1910965
False	15	8.359375	0.0	1700355531.191447
False	15	9.5	0.0	1700355531.191788
False	15	10.6875	1113.0	1700355531.1928086
False	10	11.84375	1108.75	1700355531.1932185
False	0	19.65625	0.0	1700355531.1937602
False	15	20.84375	0.0	1700355531.194624
False	15	14.671875	0.0	1700355531.1950488
False	15	15.859375	2272.75	1700355531.1954
False	15	17.0	2275.5	1700355531.196929
False	15	18.203125	2275.0	1700355531.1973631
False	15	19.34375	2277.0	1700355531.2004254
False	15	20.546875	2280.0	1700355531.2008348
False	15	21.6875	2286.0	1700355531.201752
False	15	22.875	2293.5	1700355531.202106
False	15	24.0625	2311.0	1700355531.202445
False	0	32.59375	0.0	1700355531.2028594
False	0	33.765625	0.0	1700355531.2032135
False	0	34.953125	0.0	1700355531.2036443
False	0	36.125	0.0	1700355531.2044675
False	0	37.296875	0.0	1700355531.2048109
False	0	38.46875	0.0	1700355531.2052698
False	0	39.65625	0.0	1700355531.2060332
False	0	40.828125	0.0	1700355531.2170665
False	0	42.09375	0.0	1700355531.2189658
False	0	43.265625	0.0	1700355531.2251062
False	0	44.453125	0.0	1700355531.2255626
False	0	45.625	0.0	1700355531.2263188
False	0	46.8125	0.0	1700355531.2267425
False	11	40.671875	0.0	1700355531.2271073
False	13	41.84375	2183.5	1700355531.2274575
False	9	43.015625	2210.0	1700355531.2278054
False	15	44.171875	2236.0	1700355531.2359962
False	0	52.703125	0.0	1700355531.2379234
False	0	53.890625	0.0	1700355531.2383537
False	0	55.0625	0.0	1700355531.2388015
False	15	48.890625	0.0	1700355531.2391915
False	11	50.046875	2372.5	1700355531.2395613
False	0	58.609375	0.0	1700355531.239935
False	0	59.78125	0.0	1700355531.240284
False	14	53.578125	2403.0	1700355531.2406266
False	15	54.734375	2453.75	1700355531.2424872
False	15	55.921875	2487.25	1700355531.243979
False	15	57.046875	0.0	1700355531.244415
False	0	65.6875	0.0	1700355531.2447872
False	8	59.375	0.0	1700355531.2454283
False	15	60.484375	0.0	1700355531.2458937
False	13	61.734375	0.0	1700355531.2481642
False	0	70.375	0.0	1700355531.248607
False	0	71.546875	0.0	1700355531.2490025
False	15	65.34375	0.0	1700355531.2526782
False	15	66.5625	2335.25	1700355531.255924
False	0	75.09375	0.0	1700355531.2569869
False	0	76.265625	0.0	1700355531.2604501
False	0	77.453125	0.0	1700355531.2611141
False	0	78.625	0.0	1700355531.2615976
False	0	79.8125	0.0	1700355531.2623088
False	15	74.234375	0.0	1700355531.2628198
False	11	74.265625	0.0	1700355531.2632363
False	0	83.359375	0.0	1700355531.263586
False	9	77.125	0.0	1700355531.26392
False	0	85.703125	0.0	1700355531.2642763
False	0	86.890625	0.0	1700355531.2647407
False	8	80.46875	0.0	1700355531.2661238
False	0	89.234375	0.0	1700355531.2665863
False	0	90.421875	0.0	1700355531.2686925
False	0	91.59375	0.0	1700355531.2691247
False	10	92.78125	0.0	1700355531.2695086
False	6	93.953125	0.0	1700355531.2717693
False	8	95.125	0.0	1700355531.273302
False	15	88.96875	0.0	1700355531.2739272
False	0	97.46875	0.0	1700355531.2747607
False	0	98.65625	0.0	1700355531.2751267
False	0	99.828125	0.0	1700355531.2754655
False	8	93.375	0.0	1700355531.2975276
False	15	94.734375	0.0	1700355531.2981973
False	8	103.375	0.0	1700355531.2985773
False	0	104.546875	0.0	1700355531.2997696
False	0	105.71875	0.0	1700355531.3001926
False	0	106.890625	0.0	1700355531.3005505
False	0	108.0625	0.0	1700355531.301499
False	0	109.25	0.0	1700355531.3025348
False	0	110.421875	0.0	1700355531.3032558
False	0	111.59375	0.0	1700355531.303676
False	0	112.78125	0.0	1700355531.304347
False	0	113.953125	0.0	1700355531.3047338
False	0	115.109375	0.0	1700355531.305616
False	0	116.296875	0.0	1700355531.306084
False	15	110.203125	0.0	1700355531.3064473
False	15	111.34375	2059.25	1700355531.3071022
False	15	112.53125	2065.0	1700355531.3076296
False	15	113.71875	2071.5	1700355531.3080328
False	15	114.90625	2080.75	1700355531.3084426
False	15	116.03125	2089.75	1700355531.3088577
False	15	117.25	2096.25	1700355531.3100626
False	15	118.421875	2102.0	1700355531.310466
False	15	119.546875	2116.0	1700355531.3109305
False	15	120.71875	2131.5	1700355531.3119237
False	15	121.9375	2140.5	1700355531.313898
False	15	123.078125	2150.0	1700355531.3159552
False	15	124.25	2164.25	1700355531.3174405
False	15	125.4375	2183.5	1700355531.3188813
False	15	126.609375	2202.0	1700355531.3194795
False	15	127.796875	2218.5	1700355531.3200974
False	15	128.890625	0.0	1700355531.3205764
False	15	130.125	0.0	1700355531.32134
False	0	138.59375	0.0	1700355531.3242288
False	15	132.46875	0.0	1700355531.3259456
False	15	133.625	2066.5	1700355531.327285
False	15	134.828125	2039.0	1700355531.3277416
False	14	136.0	2001.5	1700355531.3285084
False	15	137.234375	1951.25	1700355531.3305595
False	15	138.515625	0.0	1700355531.3314235
False	15	139.6875	1714.25	1700355531.3349261
False	15	140.890625	0.0	1700355531.3365433
False	15	142.078125	0.0	1700355531.338191
False	15	143.203125	0.0	1700355531.3389242
False	0	151.5	0.0	1700355531.3393419
False	15	145.640625	0.0	1700355531.3401835
False	15	146.796875	1486.25	1700355531.3405807
False	15	148.03125	0.0	1700355531.3409638
False	14	149.25	1408.0	1700355531.3426445
False	14	150.375	0.0	1700355531.3432615
False	15	151.484375	0.0	1700355531.3436708
False	15	152.84375	0.0	1700355531.3440394
False	15	154.046875	1288.75	1700355531.344474
False	15	155.265625	1266.25	1700355531.3449426
False	15	156.5	1238.0	1700355531.345807
False	15	157.6875	1210.25	1700355531.3463976
False	15	158.84375	1205.25	1700355531.3480134
False	0	166.796875	0.0	1700355531.3493023
False	12	161.265625	0.0	1700355531.34987
False	15	162.375	1168.0	1700355531.3516028
False	0	170.3125	0.0	1700355531.3528357
False	0	171.484375	0.0	1700355531.3540897
False	9	165.96875	0.0	1700355531.3550973
False	15	167.15625	1080.25	1700355531.3568604
False	15	168.40625	1074.5	1700355531.3622258
False	15	169.546875	1079.75	1700355531.363725
False	15	177.390625	0.0	1700355531.3641796
False	15	178.578125	0.0	1700355531.3645594
False	15	173.125	0.0	1700355531.3648956
False	15	174.328125	1012.0	1700355531.3658345
False	15	175.515625	1009.75	1700355531.3664966
False	15	176.65625	1004.0	1700355531.3674474
False	15	177.875	999.5	1700355531.36795
False	15	179.046875	994.75	1700355531.3684092
False	15	180.3125	988.5	1700355531.3688333
False	15	181.421875	998.0	1700355531.3699696
False	15	182.640625	1006.75	1700355531.3704047
False	15	183.796875	0.0	1700355531.3708599
False	15	185.03125	965.75	1700355531.3712385
False	15	186.21875	964.5	1700355531.3715973
False	15	187.375	956.5	1700355531.3719962
False	15	188.671875	936.75	1700355531.372483
False	15	189.8125	936.0	1700355531.3736827
False	15	190.96875	940.75	1700355531.3740633
False	15	192.09375	932.75	1700355531.3744154
False	15	193.28125	925.75	1700355531.3750315
False	15	194.453125	930.75	1700355531.3754091
False	15	195.78125	0.0	1700355531.375751
False	15	196.9375	908.25	1700355531.376081
False	15	198.109375	911.0	1700355531.3764322
False	15	199.15625	912.5	1700355531.3767982
False	15	200.34375	0.0	1700355531.3776152
False	15	201.46875	939.5	1700355531.3807075
False	15	202.75	932.5	1700355531.382953
False	15	203.859375	937.0	1700355531.3860097
False	15	204.703125	0.0	1700355531.3865173
False	15	205.8125	1257.5	1700355531.387032
False	15	207.015625	1272.25	1700355531.387379
False	15	208.171875	1288.5	1700355531.3877184
False	15	209.3125	1290.5	1700355531.3880875
False	0	217.359375	0.0	1700355531.3889904
False	15	211.953125	0.0	1700355531.3897016
False	15	213.140625	0.0	1700355531.3900943
False	15	220.921875	0.0	1700355531.3904712
False	15	222.09375	0.0	1700355531.390884
False	15	216.796875	0.0	1700355531.391232
False	0	224.421875	0.0	1700355531.3915768
False	15	218.984375	0.0	1700355531.3919172
False	15	220.09375	0.0	1700355531.3922513
False	15	227.96875	0.0	1700355531.392586
False	15	229.140625	0.0	1700355531.3929224
False	15	223.609375	0.0	1700355531.393601
False	15	224.71875	1171.25	1700355531.394017
False	15	225.84375	1196.25	1700355531.3949296
False	15	227.09375	1214.25	1700355531.3954024
False	15	228.171875	0.0	1700355531.397449
False	15	229.265625	1278.5	1700355531.3984983
False	15	230.4375	0.0	1700355531.3992078
False	15	231.5625	0.0	1700355531.400239
False	15	232.75	0.0	1700355531.400625
False	13	234.25	0.0	1700355531.4009743
False	0	242.046875	0.0	1700355531.4021773
False	0	243.21875	0.0	1700355531.4025888
False	0	244.390625	0.0	1700355531.4033039
False	0	245.5625	0.0	1700355531.4037964
False	15	239.796875	0.0	1700355531.4043155
False	15	240.96875	1383.25	1700355531.4057896
False	15	249.109375	0.0	1700355531.4062142
False	15	250.296875	0.0	1700355531.4073312
False	15	244.421875	0.0	1700355531.4086366
False	15	245.484375	0.0	1700355531.410153
False	15	246.640625	1673.25	1700355531.4142663
False	15	247.8125	1708.5	1700355531.4166415
False	15	249.03125	1708.5	1700355531.4191446
False	15	257.328125	0.0	1700355531.419865
False	15	258.578125	0.0	1700355531.4202814
False	15	252.484375	0.0	1700355531.4206371
False	15	253.640625	2004.75	1700355531.420976
False	15	254.859375	0.0	1700355531.4228184
False	15	256.03125	1930.25	1700355531.4232237
False	0	264.4375	0.0	1700355531.4236412
False	15	258.34375	0.0	1700355531.424471
False	15	259.453125	0.0	1700355531.4248343
False	15	260.546875	0.0	1700355531.4256248
False	15	261.734375	2624.5	1700355531.4259973
False	15	262.875	2647.75	1700355531.426333
False	15	264.046875	2649.25	1700355531.426664
False	15	265.25	2652.75	1700355531.427205
False	15	266.40625	2650.5	1700355531.4280162
False	15	267.625	2632.75	1700355531.4286513
False	15	268.796875	2615.5	1700355531.4289892
False	15	269.984375	2602.25	1700355531.4297414
False	15	271.140625	2590.5	1700355531.4300761
False	15	272.328125	2579.75	1700355531.4304085
False	15	273.53125	2570.5	1700355531.4308748
False	15	274.609375	2561.5	1700355531.4312463
False	15	275.8125	2549.0	1700355531.4315777
False	15	276.984375	2539.5	1700355531.4319067
False	15	278.140625	2530.75	1700355531.432364
False	15	279.3125	2523.75	1700355531.4327009
False	15	280.484375	2524.25	1700355531.4330292
False	15	281.703125	2525.5	1700355531.4336667
False	15	282.859375	2523.0	1700355531.4339986
False	15	284.03125	2520.25	1700355531.434328
False	15	285.1875	2518.5	1700355531.434658
False	15	286.375	2517.75	1700355531.4350429
False	15	287.5625	2517.25	1700355531.4353693
False	15	288.703125	2521.25	1700355531.435701
False	15	289.890625	2524.5	1700355531.4360254
False	15	291.078125	2525.5	1700355531.436349
False	15	292.234375	2530.75	1700355531.4366765
False	15	293.453125	0.0	1700355531.4370027
False	0	302.0	0.0	1700355531.43767
False	15	295.78125	0.0	1700355531.4385047
False	15	296.921875	2536.75	1700355531.4389756
False	15	298.09375	2576.5	1700355531.43932
False	15	299.3125	2588.5	1700355531.4396524
False	15	300.53125	0.0	1700355531.4402945
False	15	301.71875	2443.0	1700355531.4406328
False	15	302.875	2483.75	1700355531.441381
False	15	304.046875	2528.75	1700355531.4430933
False	15	305.1875	0.0	1700355531.4435313
False	15	306.375	2681.5	1700355531.444314
False	15	307.515625	2676.75	1700355531.444663
False	15	308.703125	2698.5	1700355531.4449954
False	15	309.890625	2726.25	1700355531.4459984
False	15	311.046875	2750.5	1700355531.4465997
False	15	312.21875	2770.75	1700355531.447332
False	15	313.359375	0.0	1700355531.4480197
False	15	314.546875	2897.0	1700355531.450495
False	15	315.734375	2908.0	1700355531.4526525
False	15	316.90625	2938.5	1700355531.453406
False	15	318.0625	2974.25	1700355531.4538412
False	15	319.234375	3011.75	1700355531.4542537
False	15	320.40625	3044.0	1700355531.454642
False	15	321.5625	3088.5	1700355531.4551396
False	15	322.734375	3164.25	1700355531.4555104
False	15	323.90625	3221.5	1700355531.4558587
False	15	325.078125	3265.5	1700355531.456204
False	10	326.21875	0.0	1700355531.456549
False	15	327.390625	3545.0	1700355531.4569046
False	15	328.625	0.0	1700355531.4578197
False	15	329.8125	3209.75	1700355531.4582732
False	15	331.015625	0.0	1700355531.4586725
False	15	332.171875	3082.75	1700355531.4592588
False	15	333.34375	3107.75	1700355531.4596176
False	15	334.5	3121.75	1700355531.4599667
False	15	335.671875	3181.75	1700355531.4603238
False	15	336.859375	3179.25	1700355531.4606767
False	15	338.03125	3147.5	1700355531.4610276
False	15	339.25	0.0	1700355531.4632409
False	15	340.40625	2941.5	1700355531.4672828
False	15	341.578125	2945.5	1700355531.467732
False	15	342.75	2978.25	1700355531.4680874
False	15	344.109375	0.0	1700355531.4684293
False	15	345.296875	2127.0	1700355531.468784
False	15	346.484375	2117.25	1700355531.4695826
False	15	347.671875	2107.5	1700355531.4705703
False	15	348.84375	2093.75	1700355531.470997
False	15	350.0625	2089.25	1700355531.471339
True	15	351.1875	2086.25	1700355531.471861
False	15	352.390625	2079.0	1700355531.4728024
False	15	354.109375	0.0	1700355531.4735265
False	15	355.328125	0.0	1700355531.4739082
False	15	356.515625	0.0	1700355531.474264
False	15	357.828125	0.0	1700355531.4747362
False	15	358.953125	1027.5	1700355531.475193
False	15	0.203125	1023.75	1700355531.4755569
False	15	1.328125	1022.0	1700355531.475899
False	15	2.515625	1018.75	1700355531.4762406
False	15	3.671875	1017.75	1700355531.476592
False	15	4.921875	1017.5	1700355531.4769611
False	15	6.015625	1016.5	1700355531.4777577
False	15	7.234375	0.0	1700355531.4781349
False	15	15.0	0.0	1700355531.4784772
False	15	16.1875	0.0	1700355531.478945
False	15	10.625	0.0	1700355531.4793544
False	10	11.75	0.0	1700355531.4797528
False	0	19.65625	0.0	1700355531.4802196
False	15	20.84375	0.0	1700355531.4830241
False	15	14.640625	0.0	1700355531.4849815
False	15	15.828125	2260.0	1700355531.4860451
False	15	17.0	2277.5	1700355531.4864035
False	15	18.15625	2275.5	1700355531.486924
False	15	19.359375	2278.0	1700355531.4873996
False	15	20.5	2283.25	1700355531.4884896
False	15	21.703125	2288.75	1700355531.4889247
False	15	22.890625	2295.5	1700355531.4898398
False	15	24.046875	2311.0	1700355531.492973
False	0	32.578125	0.0	1700355531.4948113
False	0	33.75	0.0	1700355531.4963498
False	0	34.921875	0.0	1700355531.496917
False	0	36.09375	0.0	1700355531.5023522
False	0	37.28125	0.0	1700355531.503003
False	0	38.453125	0.0	1700355531.503549
False	0	39.625	0.0	1700355531.5040467
False	0	40.796875	0.0	1700355531.5045307
False	0	42.015625	0.0	1700355531.5055385
False	0	43.1875	0.0	1700355531.5072653
False	0	44.359375	0.0	1700355531.5078561
False	0	45.546875	0.0	1700355531.5089254
False	0	46.71875	0.0	1700355531.5098522
False	10	40.578125	0.0	1700355531.5104563
False	13	41.71875	2182.25	1700355531.5153532
False	11	42.90625	2207.25	1700355531.515851
False	15	44.0625	2234.75	1700355531.516269
False	15	45.234375	2269.75	1700355531.516722
False	15	46.390625	2304.25	1700355531.5177374
False	0	54.953125	0.0	1700355531.518983
False	15	48.734375	2339.25	1700355531.519481
False	11	49.90625	2368.75	1700355531.5199237
False	9	51.109375	2380.25	1700355531.523738
False	13	52.25	2393.25	1700355531.5243795
False	12	53.4375	2416.0	1700355531.524873
False	15	54.59375	2443.25	1700355531.526004
False	15	55.78125	2478.75	1700355531.5265992
False	15	56.953125	0.0	1700355531.5273209
False	0	65.53125	0.0	1700355531.5279663
False	9	59.328125	0.0	1700355531.5287397
False	15	60.5	2722.5	1700355531.535336
False	8	61.640625	2773.5	1700355531.538246
False	7	62.84375	0.0	1700355531.5407856
False	0	71.46875	0.0	1700355531.54256
False	15	65.296875	0.0	1700355531.543339
False	15	66.4375	2334.25	1700355531.544216
False	15	67.65625	2341.5	1700355531.544582
False	0	76.1875	0.0	1700355531.5449245
False	0	77.375	0.0	1700355531.5456483
False	0	78.546875	0.0	1700355531.5460021
False	0	79.734375	0.0	1700355531.5464525
False	15	73.640625	0.0	1700355531.5475147
False	11	74.21875	0.0	1700355531.5478687
False	8	83.3125	0.0	1700355531.5482144
False	0	84.453125	0.0	1700355531.5488338
False	0	85.625	0.0	1700355531.5519698
False	0	86.8125	0.0	1700355531.552394
False	0	87.984375	0.0	1700355531.554037
False	9	89.171875	0.0	1700355531.5544336
False	0	90.328125	0.0	1700355531.5549233
False	10	91.515625	0.0	1700355531.5562274
False	10	85.359375	0.0	1700355531.5566387
False	6	93.875	0.0	1700355531.556981
False	8	95.046875	0.0	1700355531.557843
False	15	88.890625	2209.5	1700355531.5589566
False	0	97.390625	0.0	1700355531.559536
False	0	98.5625	0.0	1700355531.5623612
False	15	92.5	0.0	1700355531.5630825
False	10	93.296875	0.0	1700355531.5642343
False	15	102.140625	0.0	1700355531.5646882
False	7	103.28125	0.0	1700355531.5654902
False	0	104.453125	0.0	1700355531.5668902
False	0	105.640625	0.0	1700355531.5674133
False	0	106.8125	0.0	1700355531.5677638
False	0	107.984375	0.0	1700355531.5680997
False	0	109.15625	0.0	1700355531.568431
False	0	110.34375	0.0	1700355531.5687609
False	0	111.515625	0.0	1700355531.5702193
False	0	112.6875	0.0	1700355531.5784068
False	0	113.875	0.0	1700355531.5790064
False	0	115.03125	0.0	1700355531.5794182
False	0	116.21875	0.0	1700355531.5798218
False	15	110.109375	0.0	1700355531.5801866
False	15	111.265625	2055.75	1700355531.58054
False	15	112.453125	2060.75	1700355531.5816345
False	15	113.625	2070.25	1700355531.582036
False	15	114.78125	2079.0	1700355531.5824058
False	15	115.984375	2088.0	1700355531.5832472
False	15	117.15625	2094.5	1700355531.5836399
False	15	118.34375	2100.0	1700355531.5839844
False	15	119.46875	2113.0	1700355531.5843248
False	15	120.703125	2130.0	1700355531.584672
False	15	121.84375	2142.25	1700355531.5850186
False	15	123.015625	2151.75	1700355531.5870516
False	15	124.171875	2165.0	1700355531.5880525
False	15	125.359375	2182.75	1700355531.588455
False	15	126.515625	2200.75	1700355531.5888057
False	15	127.6875	2216.75	1700355531.5895483
False	15	128.890625	0.0	1700355531.589931
False	15	130.03125	2312.75	1700355531.590276
False	15	131.203125	0.0	1700355531.5906205
False	15	132.390625	0.0	1700355531.5911412
False	15	133.578125	2076.5	1700355531.5914938
False	15	134.765625	2047.75	1700355531.5918388
False	12	135.9375	2007.25	1700355531.5921817
False	15	137.15625	1965.25	1700355531.5925214
False	15	138.40625	0.0	1700355531.5928612
False	15	139.578125	1697.75	1700355531.593573
False	15	140.796875	0.0	1700355531.593934
False	12	142.03125	0.0	1700355531.5942771
False	15	143.171875	0.0	1700355531.5948575
False	0	151.4375	0.0	1700355531.5955095
False	15	145.59375	0.0	1700355531.5958683
False	15	146.796875	1458.75	1700355531.596981
False	15	148.0	0.0	1700355531.5988262
False	8	149.15625	1406.75	1700355531.599258
False	12	150.265625	0.0	1700355531.5996337
False	15	151.4375	1526.0	1700355531.6000102
False	15	152.78125	0.0	1700355531.6007822
False	15	154.0	1286.25	1700355531.6014812
False	15	155.296875	1264.0	1700355531.601874
False	15	156.40625	1238.0	1700355531.602464
False	15	157.6875	1216.5	1700355531.603325
False	15	158.796875	1216.0	1700355531.6037078
False	0	166.78125	0.0	1700355531.6040986
False	12	161.203125	0.0	1700355531.6049643
False	15	162.328125	1165.0	1700355531.605683
False	0	170.3125	0.0	1700355531.6064336
False	0	171.484375	0.0	1700355531.6082468
False	9	165.96875	0.0	1700355531.614203
False	15	167.1875	1077.0	1700355531.6149569
False	15	168.375	1074.25	1700355531.6154747
False	15	169.53125	1079.75	1700355531.615929
False	15	177.390625	0.0	1700355531.616321
False	15	178.59375	0.0	1700355531.6166906
False	15	173.140625	0.0	1700355531.6173918
False	15	174.359375	1020.75	1700355531.6179576
False	15	175.5	1009.5	1700355531.618411
False	15	176.71875	1004.0	1700355531.6189353
False	15	177.90625	999.5	1700355531.6193666
False	15	179.015625	995.0	1700355531.6197388
False	15	180.265625	988.25	1700355531.6200893
False	15	181.46875	997.5	1700355531.6206667
False	15	182.578125	1007.0	1700355531.621058
False	15	183.84375	0.0	1700355531.621903
False	15	185.015625	965.75	1700355531.622353
False	15	186.21875	963.75	1700355531.6229599
False	15	187.40625	956.0	1700355531.6234818
False	15	188.59375	936.5	1700355531.6240225
False	15	189.8125	935.75	1700355531.6245325
False	15	190.96875	941.25	1700355531.6249878
False	15	192.109375	933.25	1700355531.626028
False	15	193.421875	925.75	1700355531.6265638
False	15	194.546875	930.75	1700355531.62729
False	15	195.703125	0.0	1700355531.6277268
False	15	196.875	908.75	1700355531.6281273
False	15	198.03125	911.0	1700355531.6285243
False	15	199.25	912.5	1700355531.629001
False	15	200.34375	927.25	1700355531.629857
False	15	201.59375	936.75	1700355531.630529
False	15	202.71875	932.5	1700355531.631061
False	15	203.921875	936.5	1700355531.6314878
False	15	204.65625	0.0	1700355531.6319053
False	15	205.796875	1258.25	1700355531.6323378
False	15	207.0	1272.5	1700355531.63274
False	15	208.234375	1279.75	1700355531.6335874
False	15	209.40625	0.0	1700355531.6341157
False	0	217.375	0.0	1700355531.63456
False	15	211.953125	0.0	1700355531.6351995
False	15	213.15625	0.0	1700355531.635612
False	15	214.390625	0.0	1700355531.63598
False	15	215.5625	0.0	1700355531.6363435
False	15	216.78125	0.0	1700355531.6367059
False	0	224.4375	0.0	1700355531.6370823
False	15	219.015625	0.0	1700355531.6384964
False	15	220.09375	0.0	1700355531.6391532
False	15	228.0	0.0	1700355531.6396043
False	15	229.15625	0.0	1700355531.6407328
False	15	223.609375	0.0	1700355531.6422756
False	15	224.765625	1175.5	1700355531.6429417
False	15	225.890625	1196.75	1700355531.6440423
False	15	227.046875	1218.5	1700355531.6445284
False	15	228.203125	1245.25	1700355531.6459534
False	15	229.359375	1268.25	1700355531.646586
False	15	237.421875	0.0	1700355531.6477356
False	15	238.609375	0.0	1700355531.648274
False	15	232.75	0.0	1700355531.6567874
False	15	234.203125	0.0	1700355531.6631107
False	0	242.109375	0.0	1700355531.6697433
False	0	243.296875	0.0	1700355531.6738453
False	15	237.5625	0.0	1700355531.6745596
False	15	239.421875	0.0	1700355531.6752095
False	15	239.859375	0.0	1700355531.6756384
False	0	248.0	0.0	1700355531.6760201
False	15	249.1875	0.0	1700355531.676386
False	7	250.375	0.0	1700355531.6767526
False	15	251.546875	0.0	1700355531.6773806
False	15	252.71875	0.0	1700355531.6778693
False	15	246.75	0.0	1700355531.6782436
False	15	247.90625	1706.0	1700355531.678624
False	15	249.078125	1705.75	1700355531.6792417
False	0	257.421875	0.0	1700355531.679634
False	15	251.34375	0.0	1700355531.6800141
False	15	252.546875	2002.25	1700355531.680387
False	15	253.703125	2003.5	1700355531.6809106
False	15	254.953125	0.0	1700355531.6842706
False	15	256.109375	0.0	1700355531.6857255
False	15	257.234375	0.0	1700355531.6864257
False	15	258.375	2095.75	1700355531.6875277
False	15	259.484375	0.0	1700355531.6880205
False	15	260.59375	0.0	1700355531.6883953
False	15	261.765625	2629.5	1700355531.688748
False	15	262.953125	2641.75	1700355531.6892827
False	15	264.203125	0.0	1700355531.6955285
False	15	265.296875	0.0	1700355531.6962492
False	15	266.515625	2650.0	1700355531.696747
False	15	267.65625	2630.75	1700355531.6975777
False	15	268.84375	2615.5	1700355531.699019
False	15	270.0625	2603.5	1700355531.6994529
False	15	271.234375	2588.25	1700355531.7003298
False	15	272.375	2577.5	1700355531.70075
False	15	273.5625	2569.5	1700355531.7013395
False	15	274.671875	2559.0	1700355531.702838
False	15	275.875	2547.75	1700355531.704447
False	15	277.015625	2538.75	1700355531.7073684
False	15	278.203125	2530.5	1700355531.708344
False	15	279.359375	2524.5	1700355531.708721
False	15	280.53125	2525.0	1700355531.7092907
False	15	281.71875	2502.0	1700355531.7097056
False	15	282.890625	2499.0	1700355531.7100608
False	15	284.09375	2519.25	1700355531.7104058
False	15	285.21875	2514.75	1700355531.711936
False	15	286.40625	2513.75	1700355531.712322
False	15	287.59375	2517.5	1700355531.7126758
False	15	288.78125	2521.5	1700355531.7132726
False	15	289.9375	2525.5	1700355531.7137032
False	15	291.125	2527.25	1700355531.7151554
False	15	292.296875	2530.0	1700355531.7166286
False	15	293.515625	0.0	1700355531.7170365
False	15	294.671875	2409.25	1700355531.717658
False	15	295.828125	0.0	1700355531.7180495
False	15	296.953125	2533.5	1700355531.718422
False	15	298.140625	2573.75	1700355531.718883
False	15	299.34375	2587.5	1700355531.719253
False	15	300.5625	0.0	1700355531.7201145
False	15	301.734375	2440.0	1700355531.720485
False	15	302.9375	2486.75	1700355531.7208223
False	15	304.0625	2532.75	1700355531.7213707
False	15	305.21875	0.0	1700355531.722289
False	15	306.40625	2684.0	1700355531.722746
False	15	307.546875	2678.75	1700355531.7231424
False	15	308.75	2700.0	1700355531.723487
False	15	309.90625	2726.5	1700355531.723828
False	15	311.09375	2751.25	1700355531.7242289
False	15	312.25	2770.75	1700355531.726054
False	15	313.421875	0.0	1700355531.727133
False	15	314.5625	2894.5	1700355531.728014
False	15	315.75	2909.5	1700355531.7283921
False	15	316.921875	2941.5	1700355531.7287736
False	15	318.078125	2976.0	1700355531.7297323
False	15	319.234375	3011.75	1700355531.7342381
False	15	320.4375	3047.75	1700355531.7346659
False	15	321.59375	3095.5	1700355531.7352307
False	15	322.8125	3170.25	1700355531.7356534
False	15	323.96875	3226.5	1700355531.736679
False	15	325.140625	3269.0	1700355531.7370243
False	13	326.296875	0.0	1700355531.737538
False	15	327.5	3476.5	1700355531.7382977
False	15	328.6875	0.0	1700355531.738657
False	15	329.890625	3187.5	1700355531.739071
False	15	331.078125	0.0	1700355531.7394295
False	15	332.21875	3093.75	1700355531.7397842
False	15	333.40625	3119.25	1700355531.7401536
False	15	334.59375	3119.5	1700355531.7405105
False	15	335.75	0.0	1700355531.7408547
False	15	336.953125	0.0	1700355531.741452
False	15	338.15625	3111.75	1700355531.7423778
False	15	339.328125	0.0	1700355531.7428036
False	15	340.515625	2956.0	1700355531.7431843
False	15	341.671875	2972.75	1700355531.7439945
False	15	342.828125	3007.5	1700355531.7443562
False	15	344.21875	0.0	1700355531.7447083
False	15	345.40625	2122.5	1700355531.7450614
False	15	346.578125	2115.5	1700355531.7456245
False	15	347.734375	2106.0	1700355531.7463405
False	15	348.90625	2097.0	1700355531.74677
False	15	350.109375	2092.0	1700355531.7471273
True	15	351.3125	2086.5	1700355531.7474678
False	15	352.46875	2079.25	1700355531.7478065
False	15	354.171875	0.0	1700355531.748164
False	15	355.421875	0.0	1700355531.748496
False	15	356.625	0.0	1700355531.748836
False	15	357.828125	0.0	1700355531.7495801
False	15	359.03125	1027.25	1700355531.7503965
False	15	0.265625	1023.25	1700355531.7508097
False	15	1.4375	1021.75	1700355531.7511883
False	15	2.546875	1018.25	1700355531.7515254
False	15	3.765625	1014.75	1700355531.751862
False	15	5.0	1017.25	1700355531.7521944
False	15	6.1875	1018.5	1700355531.7525353
False	15	7.265625	1032.25	1700355531.7528803
False	15	15.0625	0.0	1700355531.7534373
False	13	16.25	0.0	1700355531.7537928
False	15	10.71875	0.0	1700355531.7541296
False	10	11.828125	0.0	1700355531.7544656
False	0	19.71875	0.0	1700355531.754862
False	15	20.921875	0.0	1700355531.7552078
False	15	14.734375	0.0	1700355531.755538
False	15	15.90625	2263.25	1700355531.7558937
False	15	17.109375	2263.0	1700355531.75623
False	15	18.234375	2279.0	1700355531.757038
False	15	19.453125	2281.75	1700355531.7576013
False	15	20.59375	2286.25	1700355531.7582674
False	15	21.796875	2291.0	1700355531.7586162
False	15	22.953125	2279.25	1700355531.759195
False	15	24.125	2272.25	1700355531.760023
False	0	32.65625	0.0	1700355531.7621522
False	0	33.828125	0.0	1700355531.7638528
False	0	35.0	0.0	1700355531.76427
False	0	36.1875	0.0	1700355531.7704241
False	0	37.359375	0.0	1700355531.7710931
False	0	38.53125	0.0	1700355531.7715552
False	0	39.703125	0.0	1700355531.7719872
False	0	40.890625	0.0	1700355531.7724335
False	0	42.078125	0.0	1700355531.7728407
False	0	43.265625	0.0	1700355531.774019
False	0	44.4375	0.0	1700355531.778209
False	0	45.609375	0.0	1700355531.7786415
False	0	46.796875	0.0	1700355531.7793689
False	10	40.609375	0.0	1700355531.779895
False	13	41.796875	2185.5	1700355531.7803807
False	9	42.96875	2210.25	1700355531.7809672
False	14	44.140625	2234.75	1700355531.7824986
False	15	45.3125	2271.0	1700355531.7832296
False	15	46.46875	2306.5	1700355531.7878318
False	15	47.65625	2328.75	1700355531.7885294
False	13	48.828125	2352.25	1700355531.7889707
False	10	49.984375	2370.75	1700355531.7896614
False	10	51.15625	2387.75	1700355531.7900565
False	12	52.3125	2432.75	1700355531.7917728
False	12	53.5	2474.5	1700355531.792371
False	15	54.640625	2493.25	1700355531.7937741
False	12	55.8125	2522.25	1700355531.7944067
False	15	57.015625	2565.75	1700355531.7948725
False	0	65.609375	0.0	1700355531.7953084
False	8	59.390625	0.0	1700355531.7958102
False	15	60.484375	0.0	1700355531.7978241
False	14	61.71875	0.0	1700355531.7997868
False	0	70.390625	0.0	1700355531.8002865
False	0	71.578125	0.0	1700355531.8006983
False	15	65.390625	0.0	1700355531.8014297
False	15	66.578125	2333.5	1700355531.8020613
False	0	75.125	0.0	1700355531.8025575
False	0	76.296875	0.0	1700355531.8038325
False	0	77.46875	0.0	1700355531.804282
False	0	78.65625	0.0	1700355531.8055954
False	0	79.84375	0.0	1700355531.8061757
False	9	73.765625	0.0	1700355531.8078089
False	12	74.296875	0.0	1700355531.8109732
False	8	83.40625	0.0	1700355531.8130414
False	8	84.5625	0.0	1700355531.8247588
False	0	85.75	0.0	1700355531.8263803
False	0	86.921875	0.0	1700355531.8276193
False	0	88.09375	0.0	1700355531.8279843
False	9	81.6875	0.0	1700355531.8283226
False	0	90.40625	0.0	1700355531.8286521
False	0	91.59375	0.0	1700355531.8289785
False	9	92.78125	0.0	1700355531.829601
False	10	86.34375	3627.25	1700355531.8299472
False	9	95.125	0.0	1700355531.830279
False	15	88.953125	0.0	1700355531.8306017
False	0	97.46875	0.0	1700355531.8310084
False	0	98.640625	0.0	1700355531.831373
False	0	99.828125	0.0	1700355531.8317235
False	8	93.34375	0.0	1700355531.8320587
False	0	102.1875	0.0	1700355531.8324392
False	15	96.109375	0.0	1700355531.8339472
False	0	104.53125	0.0	1700355531.83475
False	0	105.71875	0.0	1700355531.8351457
False	0	106.890625	0.0	1700355531.835497
False	0	108.0625	0.0	1700355531.8358319
False	0	109.234375	0.0	1700355531.8361666
False	0	110.40625	0.0	1700355531.836511
False	0	111.59375	0.0	1700355531.8370252
False	0	112.765625	0.0	1700355531.8381248
False	0	113.9375	0.0	1700355531.8384936
False	0	115.109375	0.0	1700355531.8388996
False	15	109.0	0.0	1700355531.8394027
False	15	110.1875	2055.75	1700355531.8402834
False	15	111.359375	2058.25	1700355531.8406377
False	15	112.546875	2063.5	1700355531.8409736
False	15	113.671875	2069.25	1700355531.8423831
False	15	114.875	2077.5	1700355531.844061
False	15	116.046875	2087.0	1700355531.8457
False	15	117.25	2093.5	1700355531.846133
False	15	118.390625	2098.25	1700355531.846485
False	15	119.5625	2112.5	1700355531.8469074
False	15	120.71875	2131.0	1700355531.8472676
False	15	121.890625	2141.5	1700355531.8476083
False	15	123.0625	2150.5	1700355531.848085
False	15	124.265625	2164.5	1700355531.8493125
False	15	125.453125	2181.5	1700355531.8497014
False	15	126.625	2199.0	1700355531.8500462
False	15	127.78125	2214.0	1700355531.8505135
False	15	128.90625	0.0	1700355531.8514922
False	15	130.125	0.0	1700355531.851841
False	0	138.625	0.0	1700355531.8521848
False	15	132.5	0.0	1700355531.8525336
False	15	133.703125	2068.75	1700355531.8528795
False	0	142.15625	0.0	1700355531.8536258
False	15	136.046875	0.0	1700355531.857562
False	15	137.265625	1975.0	1700355531.8590405
False	15	138.5625	0.0	1700355531.8594112
False	15	139.734375	0.0	1700355531.8597493
False	15	141.0	0.0	1700355531.8600795
False	15	142.140625	1564.25	1700355531.8604128
False	15	143.28125	0.0	1700355531.8621097
False	0	151.578125	0.0	1700355531.8624945
False	15	145.78125	0.0	1700355531.8630202
False	15	146.984375	1454.0	1700355531.8639722
False	15	148.109375	1421.0	1700355531.864326
False	11	149.34375	1414.25	1700355531.864679
False	15	150.4375	0.0	1700355531.8650284
False	15	151.53125	1549.5	1700355531.8655934
False	15	152.953125	0.0	1700355531.8667812
False	15	154.171875	1281.0	1700355531.867153
False	15	155.359375	0.0	1700355531.8674903
False	15	156.609375	1226.0	1700355531.867959
False	15	157.765625	0.0	1700355531.8689518
False	15	158.859375	0.0	1700355531.8695226
False	0	166.890625	0.0	1700355531.8698826
False	13	161.390625	0.0	1700355531.8702223
False	15	162.5	1169.25	1700355531.8705604
False	0	170.421875	0.0	1700355531.8709683
False	0	171.59375	0.0	1700355531.8715656
False	10	166.109375	0.0	1700355531.8750525
False	14	167.703125	0.0	1700355531.8764257
False	15	168.4375	0.0	1700355531.876798
False	15	169.65625	1079.75	1700355531.877325
False	0	177.484375	0.0	1700355531.8776858
False	15	172.140625	0.0	1700355531.878023
False	15	173.25	997.5	1700355531.87849
False	15	174.4375	1011.75	1700355531.8790092
False	15	175.625	1018.25	1700355531.8799775
False	15	176.859375	1012.25	1700355531.8803554
False	15	178.015625	999.0	1700355531.8807278
False	15	179.21875	994.5	1700355531.8826013
False	15	180.4375	985.25	1700355531.8830783
False	15	181.5625	991.0	1700355531.883719
False	15	182.796875	1003.0	1700355531.8842068
False	15	183.9375	0.0	1700355531.898865
False	15	185.203125	964.0	1700355531.9001384
False	15	186.296875	961.25	1700355531.9042573
False	15	187.578125	950.75	1700355531.906093
False	15	188.796875	933.0	1700355531.9070187
False	15	189.890625	932.25	1700355531.9077492
False	15	191.046875	940.25	1700355531.908332
False	15	192.25	935.0	1700355531.908988
False	15	193.46875	932.25	1700355531.9117355
False	15	194.671875	938.0	1700355531.9181533
False	15	195.84375	0.0	1700355531.9202712
False	15	197.09375	909.25	1700355531.921689
False	15	198.25	911.5	1700355531.9236925
False	15	199.328125	914.25	1700355531.9241803
False	15	200.46875	925.0	1700355531.9274924
False	15	201.75	932.0	1700355531.928564
False	15	202.84375	932.0	1700355531.929021
False	15	203.984375	937.5	1700355531.929682
False	15	204.765625	0.0	1700355531.9300811
False	15	206.03125	1266.75	1700355531.9304402
False	15	207.140625	1270.75	1700355531.9308846
False	15	208.375	1269.25	1700355531.9323223
False	15	209.5	1273.75	1700355531.932771
False	15	210.765625	0.0	1700355531.9335425
False	15	212.03125	0.0	1700355531.9349182
False	15	213.34375	0.0	1700355531.9380093
False	15	221.078125	0.0	1700355531.9395735
False	15	222.265625	0.0	1700355531.94041
False	15	216.828125	0.0	1700355531.9434297
False	15	218.03125	0.0	1700355531.9440603
False	15	225.796875	0.0	1700355531.9447043
False	15	226.96875	0.0	1700355531.9462256
False	15	221.484375	0.0	1700355531.946659
False	15	222.59375	0.0	1700355531.9480274
False	15	223.6875	0.0	1700355531.9484441
False	15	224.9375	1173.25	1700355531.9488018
False	15	226.015625	1182.25	1700355531.94971
False	15	227.21875	0.0	1700355531.950479
False	15	228.390625	1256.5	1700355531.9513965
False	15	229.53125	1275.25	1700355531.952587
False	15	237.609375	0.0	1700355531.9529746
False	15	238.796875	0.0	1700355531.955453
False	15	233.03125	0.0	1700355531.9561632
False	15	234.1875	1389.25	1700355531.9576654
False	0	242.296875	0.0	1700355531.9586647
False	15	236.5625	0.0	1700355531.9629667
False	15	237.75	1362.75	1700355531.9646955
False	15	239.296875	0.0	1700355531.9657779
False	0	247.015625	0.0	1700355531.9676008
False	0	248.1875	0.0	1700355531.9681695
False	0	249.375	0.0	1700355531.9685388
False	15	250.5625	0.0	1700355531.9688838
False	15	244.640625	0.0	1700355531.9696975
False	15	245.75	0.0	1700355531.9703648
False	15	246.9375	1678.0	1700355531.9707625
False	15	248.140625	1703.25	1700355531.9711347
False	15	249.3125	1702.0	1700355531.9714742
False	15	250.390625	0.0	1700355531.971799
False	15	251.53125	0.0	1700355531.972124
False	15	252.71875	1998.25	1700355531.9724538
False	15	253.890625	1977.75	1700355531.9727767
False	15	255.09375	1936.0	1700355531.9730968
False	15	256.296875	1917.75	1700355531.9737282
False	15	257.390625	0.0	1700355531.9741175
False	15	258.59375	0.0	1700355531.9749548
False	10	259.671875	0.0	1700355531.975512
False	15	260.796875	0.0	1700355531.979595
False	15	261.984375	2639.25	1700355531.9814222
False	15	263.125	2647.25	1700355531.9818358
False	15	264.359375	0.0	1700355531.98326
False	15	265.5	0.0	1700355531.9861002
False	15	266.65625	2642.0	1700355531.9873192
False	15	267.84375	2628.25	1700355531.9876935
False	15	269.046875	2621.25	1700355531.9880462
False	15	270.21875	2608.75	1700355531.9890826
False	15	271.375	2589.5	1700355531.9897134
False	15	272.59375	2574.25	1700355531.9900734
False	15	273.734375	2564.75	1700355531.9904225
False	15	274.84375	2554.0	1700355531.9908452
False	15	276.0	2541.0	1700355531.9911969
False	15	277.203125	2534.0	1700355531.9915414
False	15	278.34375	2533.75	1700355531.9941797
False	15	279.515625	2532.0	1700355531.9963865
False	15	280.6875	2527.5	1700355531.9968708
False	15	281.890625	2524.0	1700355531.9975517
False	15	283.03125	2521.0	1700355531.9981914
False	15	284.25	2517.75	1700355531.9994328
False	15	285.40625	2514.0	1700355532.0002222
False	15	286.5625	2513.5	1700355532.0016117
False	15	287.734375	2517.25	1700355532.0021145
False	15	288.921875	2521.5	1700355532.0024853
False	15	290.09375	2524.75	1700355532.0031095
False	15	291.265625	2528.0	1700355532.0035384
False	15	292.40625	2529.5	1700355532.0038998
False	15	293.640625	0.0	1700355532.007409
False	15	294.796875	2412.25	1700355532.0078506
False	15	295.96875	2458.25	1700355532.0086942
False	15	297.125	0.0	1700355532.0090759
False	15	298.265625	2579.0	1700355532.0096517
False	15	299.53125	2585.25	1700355532.01001
False	15	300.734375	0.0	1700355532.0103865
False	15	301.90625	2440.5	1700355532.0109656
False	15	303.0625	2498.75	1700355532.012189
False	15	304.234375	2549.0	1700355532.012538
False	15	305.390625	2589.25	1700355532.0128748
False	15	306.546875	2637.0	1700355532.0144753
False	15	307.71875	2683.25	1700355532.0217466
False	15	308.90625	2708.75	1700355532.0222657
False	15	310.0625	2735.25	1700355532.0277164
False	15	311.25	2756.5	1700355532.0282142
False	15	312.4375	2758.5	1700355532.0286314
False	15	313.546875	0.0	1700355532.0290363
False	15	314.734375	2922.0	1700355532.0322356
False	15	315.890625	2924.75	1700355532.0327423
False	15	317.078125	2949.0	1700355532.033531
False	15	318.25	2977.5	1700355532.0345042
False	15	319.421875	3018.25	1700355532.0368953
False	15	320.578125	3078.25	1700355532.0382743
False	15	321.734375	3131.5	1700355532.0391023
False	15	323.0	3166.0	1700355532.0422184
False	15	324.15625	3213.5	1700355532.0427918
False	15	325.3125	3269.0	1700355532.0432603
False	15	326.5	3327.0	1700355532.0436733
False	15	327.65625	3365.0	1700355532.044074
False	15	328.890625	0.0	1700355532.0444841
False	15	330.0625	3194.0	1700355532.044957
False	15	331.234375	3154.75	1700355532.0458343
False	15	332.4375	3078.5	1700355532.0464373
False	15	333.578125	0.0	1700355532.0472462
False	15	334.78125	3147.0	1700355532.0477931
False	15	335.953125	3197.5	1700355532.0483873
False	15	337.125	0.0	1700355532.0650373
False	12	338.296875	3111.0	1700355532.066904
False	15	339.5	0.0	1700355532.068494
False	15	340.703125	2954.25	1700355532.0690928
False	15	341.875	2949.75	1700355532.0698771
False	15	343.015625	2972.0	1700355532.0702405
False	15	344.421875	0.0	1700355532.0705855
False	15	345.59375	2120.25	1700355532.071493
False	15	346.765625	2113.0	1700355532.0726156
False	15	347.9375	2105.25	1700355532.0729802
False	15	349.109375	2096.0	1700355532.0735552
False	15	350.3125	2087.25	1700355532.075188
True	15	351.5	2083.25	1700355532.076007
False	15	352.671875	2080.0	1700355532.0767975
False	15	354.46875	0.0	1700355532.0783186
False	15	355.5625	1133.0	1700355532.0788183
False	15	356.859375	0.0	1700355532.0794291
False	15	358.140625	0.0	1700355532.080661
False	15	359.234375	1022.75	1700355532.0816145
False	15	0.4375	1023.0	1700355532.08244
False	15	1.625	1022.0	1700355532.0833776
False	15	2.8125	1017.5	1700355532.088196
False	15	3.953125	1014.5	1700355532.0902553
