False	15	3.078125	0.0	1700356749.4127116
False	0	271.8125	0.0	1700356749.413155
False	0	273.0	0.0	1700356749.4142404
False	0	274.203125	0.0	1700356749.41466
False	15	267.953125	0.0	1700356749.4152415
False	15	269.171875	2588.0	1700356749.416131
False	15	270.34375	2582.5	1700356749.4201794
False	15	271.546875	2580.25	1700356749.4235175
False	15	272.734375	2569.25	1700356749.4250257
False	15	273.921875	2563.25	1700356749.425743
False	15	275.109375	2553.0	1700356749.4265275
False	15	276.296875	2540.75	1700356749.4274259
False	15	277.515625	2535.75	1700356749.4291916
False	15	278.703125	2530.25	1700356749.4297183
False	15	279.90625	2527.25	1700356749.4312215
False	15	281.078125	2524.75	1700356749.4323034
False	15	282.25	2521.0	1700356749.433155
False	15	283.484375	2518.25	1700356749.4350948
False	15	284.671875	2516.5	1700356749.4355266
False	15	285.859375	2516.5	1700356749.4410048
False	15	287.015625	2517.0	1700356749.4421465
False	15	288.234375	2518.5	1700356749.4426239
False	15	289.4375	2526.25	1700356749.4432015
False	15	290.609375	2532.25	1700356749.4437723
False	15	291.796875	2536.0	1700356749.4441645
False	15	293.0	2513.75	1700356749.4445565
False	15	294.203125	0.0	1700356749.444952
False	15	295.390625	2419.0	1700356749.445312
False	15	296.578125	0.0	1700356749.4456887
False	15	297.75	2562.25	1700356749.4466386
False	15	298.96875	2574.25	1700356749.447128
False	15	300.15625	2597.0	1700356749.4474964
False	15	301.40625	0.0	1700356749.4478557
False	15	302.578125	2472.25	1700356749.448667
False	15	303.765625	2487.75	1700356749.4502122
False	15	304.90625	0.0	1700356749.4507682
False	15	306.109375	0.0	1700356749.451864
False	15	307.296875	2671.25	1700356749.4522452
False	15	308.5	2693.25	1700356749.4525948
False	15	309.6875	2722.75	1700356749.4532714
False	15	310.859375	2751.75	1700356749.4536219
False	15	312.078125	2771.0	1700356749.4539666
False	15	313.234375	0.0	1700356749.454312
False	15	314.421875	2883.25	1700356749.454654
False	15	315.625	2894.75	1700356749.455095
False	15	316.8125	2925.25	1700356749.455478
False	15	317.984375	2962.0	1700356749.456107
False	15	319.171875	2999.5	1700356749.4564672
False	15	320.359375	3058.25	1700356749.4568112
False	15	321.53125	3111.75	1700356749.457147
False	15	322.703125	3147.25	1700356749.4574847
False	15	323.890625	3201.25	1700356749.4578235
False	15	325.078125	3261.75	1700356749.4582717
False	10	326.234375	0.0	1700356749.460137
False	15	327.421875	0.0	1700356749.4611704
False	15	328.65625	0.0	1700356749.4615598
False	15	329.875	3202.25	1700356749.4619439
False	15	331.046875	3146.75	1700356749.4623065
False	15	332.234375	3136.25	1700356749.4626567
False	15	333.46875	3115.0	1700356749.4631078
False	15	334.640625	3116.5	1700356749.463463
False	15	335.8125	0.0	1700356749.46381
False	15	337.015625	0.0	1700356749.464155
False	13	338.203125	3130.0	1700356749.4645004
False	15	339.4375	0.0	1700356749.4648435
False	15	340.609375	2937.75	1700356749.4654083
False	15	341.796875	2950.0	1700356749.4657688
False	15	343.796875	0.0	1700356749.466773
False	15	344.953125	1157.0	1700356749.4673235
False	15	346.109375	0.0	1700356749.4677908
False	10	347.171875	0.0	1700356749.4693434
False	15	348.609375	0.0	1700356749.47088
False	15	349.78125	0.0	1700356749.4713087
False	15	350.890625	1131.25	1700356749.4720273
True	15	352.109375	0.0	1700356749.4724016
False	15	353.28125	1200.75	1700356749.472755
False	15	354.421875	1222.75	1700356749.4731028
False	15	355.59375	1248.5	1700356749.4735825
False	15	356.734375	1275.25	1700356749.4739661
False	0	4.78125	0.0	1700356749.4743385
False	15	5.984375	0.0	1700356749.474768
False	15	359.8125	0.0	1700356749.4758046
False	15	1.03125	2303.75	1700356749.476186
False	15	2.203125	2299.75	1700356749.4765508
False	15	3.375	2312.5	1700356749.476994
False	15	4.578125	2307.5	1700356749.4773464
False	15	5.765625	2281.25	1700356749.4777458
False	15	6.984375	2282.0	1700356749.478098
False	15	8.15625	2284.25	1700356749.4813306
False	15	9.328125	2272.0	1700356749.4821327
False	15	10.53125	2268.5	1700356749.4830897
False	15	11.703125	2279.25	1700356749.4845834
False	15	12.90625	2276.75	1700356749.4850001
False	15	14.109375	2269.75	1700356749.485364
False	15	15.296875	2271.5	1700356749.4874496
False	15	16.484375	2268.25	1700356749.4879494
False	15	17.6875	2257.5	1700356749.4886992
False	15	18.890625	2254.0	1700356749.4926016
False	15	20.078125	2266.5	1700356749.4930189
False	15	21.21875	2279.5	1700356749.493392
False	15	22.453125	2284.75	1700356749.4946353
False	15	23.625	2291.5	1700356749.4952903
False	0	32.15625	0.0	1700356749.4957044
False	0	33.359375	0.0	1700356749.496084
False	0	34.546875	0.0	1700356749.4964585
False	0	35.734375	0.0	1700356749.49693
False	0	36.9375	0.0	1700356749.4983542
False	0	38.109375	0.0	1700356749.5002027
False	0	39.3125	0.0	1700356749.503439
False	0	40.5	0.0	1700356749.5038817
False	0	41.6875	0.0	1700356749.5051305
False	0	42.953125	0.0	1700356749.5056171
False	0	44.140625	0.0	1700356749.5061471
False	0	45.34375	0.0	1700356749.5086942
False	0	46.53125	0.0	1700356749.5095744
False	9	40.40625	0.0	1700356749.5102997
False	15	41.59375	2183.0	1700356749.5128663
False	9	42.75	2206.25	1700356749.5134223
False	9	43.953125	2234.75	1700356749.5138018
False	15	45.15625	2270.5	1700356749.5142164
False	15	46.328125	2304.75	1700356749.515979
False	15	47.53125	2329.0	1700356749.5165684
False	15	48.6875	2349.5	1700356749.5170012
False	15	49.875	2367.75	1700356749.51767
False	8	51.078125	2380.0	1700356749.518221
False	13	52.25	2416.75	1700356749.5193033
False	13	53.453125	2470.0	1700356749.5199358
False	15	54.640625	2499.5	1700356749.5202906
False	15	55.8125	2525.75	1700356749.5206356
False	15	57.0	2557.25	1700356749.5210161
False	0	65.640625	0.0	1700356749.5214806
False	8	59.359375	0.0	1700356749.5218704
False	15	60.484375	0.0	1700356749.5225806
False	7	61.765625	0.0	1700356749.5234568
False	0	70.40625	0.0	1700356749.524142
False	0	71.59375	0.0	1700356749.5247462
False	15	65.421875	0.0	1700356749.5252821
False	15	66.59375	2345.0	1700356749.5260098
False	15	67.78125	2348.5	1700356749.5265589
False	0	76.359375	0.0	1700356749.5274804
False	15	71.125	0.0	1700356749.5279753
False	15	72.375	0.0	1700356749.5283494
False	15	73.609375	874.0	1700356749.5298972
False	15	74.796875	860.0	1700356749.5304534
False	15	76.078125	851.75	1700356749.5322304
False	15	77.234375	857.0	1700356749.5327384
False	15	78.5	0.0	1700356749.5337832
False	15	79.640625	830.5	1700356749.534394
False	15	80.734375	0.0	1700356749.5363135
False	15	81.9375	885.25	1700356749.5372977
False	15	83.15625	897.0	1700356749.5389972
False	15	90.703125	0.0	1700356749.540163
False	10	91.890625	0.0	1700356749.5427709
False	15	86.421875	0.0	1700356749.5558374
False	8	87.28125	0.0	1700356749.5597727
False	0	95.453125	0.0	1700356749.5612965
False	0	96.65625	0.0	1700356749.5642097
False	0	97.84375	0.0	1700356749.5687404
False	0	99.03125	0.0	1700356749.5701153
False	0	100.234375	0.0	1700356749.570496
False	8	101.453125	0.0	1700356749.572716
False	10	102.625	0.0	1700356749.573195
False	15	103.828125	0.0	1700356749.5736074
False	0	105.0	0.0	1700356749.5740402
False	0	106.203125	0.0	1700356749.574482
False	0	107.375	0.0	1700356749.5754871
False	0	108.578125	0.0	1700356749.5774484
False	0	109.765625	0.0	1700356749.579037
False	0	110.953125	0.0	1700356749.5801191
False	15	104.890625	0.0	1700356749.582338
False	15	106.046875	0.0	1700356749.582978
False	15	107.21875	2046.25	1700356749.5840738
False	15	108.4375	2048.0	1700356749.584515
False	15	109.625	2053.25	1700356749.5848675
False	15	110.796875	2059.25	1700356749.585207
False	15	112.0	2062.75	1700356749.585541
False	15	113.203125	2067.75	1700356749.5858903
False	15	114.375	2075.5	1700356749.5862272
False	15	115.546875	2083.75	1700356749.587676
False	15	116.765625	2091.75	1700356749.589125
False	15	117.9375	2100.25	1700356749.5899127
False	15	119.125	2111.5	1700356749.590912
False	15	120.28125	2115.0	1700356749.5914862
False	15	121.484375	2128.25	1700356749.5918434
False	15	122.65625	2151.0	1700356749.5921834
False	15	123.859375	2163.0	1700356749.5925312
False	15	125.0625	2180.75	1700356749.5935767
False	15	126.21875	2197.0	1700356749.5939357
False	15	127.4375	2208.0	1700356749.594274
False	15	128.65625	2186.5	1700356749.5946178
False	15	137.171875	0.0	1700356749.5963178
False	15	138.34375	0.0	1700356749.5966783
False	15	132.203125	0.0	1700356749.597021
False	15	133.375	2078.75	1700356749.5973728
False	4	134.15625	0.0	1700356749.5980117
False	15	135.8125	0.0	1700356749.600182
False	15	137.015625	0.0	1700356749.600605
False	15	138.34375	0.0	1700356749.6009512
False	15	139.546875	1675.0	1700356749.601293
False	15	140.734375	1649.0	1700356749.601632
False	12	141.953125	1620.75	1700356749.6019704
False	15	143.078125	1616.75	1700356749.60232
False	0	151.40625	0.0	1700356749.6026545
False	13	145.578125	0.0	1700356749.6032403
False	15	146.796875	0.0	1700356749.6035964
False	15	148.046875	1397.75	1700356749.6039424
False	8	149.1875	1410.5	1700356749.6042812
False	12	150.3125	0.0	1700356749.6046135
False	15	151.484375	1522.5	1700356749.6049488
False	15	152.84375	0.0	1700356749.605282
False	15	154.109375	1283.75	1700356749.6058047
False	15	155.34375	1258.0	1700356749.6061509
False	15	156.515625	1232.5	1700356749.6064866
False	15	157.78125	0.0	1700356749.6068847
False	15	158.84375	0.0	1700356749.6074536
False	0	166.859375	0.0	1700356749.6077971
False	13	161.359375	0.0	1700356749.6081333
False	15	162.4375	0.0	1700356749.6091762
False	0	170.4375	0.0	1700356749.6103265
False	0	171.625	0.0	1700356749.6107674
False	9	166.15625	0.0	1700356749.6118395
False	15	167.375	0.0	1700356749.612246
False	0	175.1875	0.0	1700356749.612683
False	15	169.75	1066.25	1700356749.6136703
False	15	171.984375	0.0	1700356749.6140258
False	15	172.265625	0.0	1700356749.6143694
False	15	173.359375	1000.0	1700356749.6148763
False	15	174.578125	1014.5	1700356749.6159074
False	15	175.75	1010.75	1700356749.6162624
False	15	176.953125	1004.25	1700356749.6166098
False	15	178.171875	998.75	1700356749.6170616
False	15	179.328125	994.25	1700356749.6178567
False	15	180.609375	983.25	1700356749.6183167
False	15	181.75	0.0	1700356749.6186619
False	15	182.953125	1002.0	1700356749.6195836
False	15	184.15625	0.0	1700356749.6220193
False	15	185.421875	962.5	1700356749.6224036
False	15	186.625	959.75	1700356749.6231608
False	15	187.796875	950.0	1700356749.6274073
False	15	189.078125	930.75	1700356749.6293924
False	15	190.203125	929.5	1700356749.6308255
False	15	191.46875	936.5	1700356749.6314366
False	15	192.625	933.0	1700356749.6319394
False	15	193.859375	930.5	1700356749.6323824
False	15	195.015625	929.0	1700356749.6336691
False	15	196.265625	920.5	1700356749.6341832
False	15	197.46875	911.5	1700356749.6349115
False	15	198.5625	912.25	1700356749.6362388
False	15	199.84375	922.75	1700356749.6369421
False	15	201.0	932.75	1700356749.637489
False	15	202.09375	932.75	1700356749.638971
False	15	203.328125	934.0	1700356749.6406128
False	0	210.984375	0.0	1700356749.6423457
False	15	212.203125	0.0	1700356749.6432016
False	15	206.53125	0.0	1700356749.6437914
False	15	207.75	0.0	1700356749.6442719
False	15	208.90625	0.0	1700356749.6446724
False	15	210.09375	1274.5	1700356749.64524
False	15	211.4375	0.0	1700356749.6473053
False	15	212.765625	0.0	1700356749.6493971
False	15	214.046875	0.0	1700356749.6499124
False	15	215.203125	0.0	1700356749.6503599
False	15	216.421875	1004.25	1700356749.650993
False	15	217.546875	0.0	1700356749.6523714
False	15	218.78125	1024.5	1700356749.6577556
False	15	219.8125	0.0	1700356749.6587958
False	15	221.046875	1097.25	1700356749.6640184
False	15	222.140625	1113.75	1700356749.6645653
False	15	223.3125	1140.5	1700356749.664945
False	15	224.484375	1165.25	1700356749.66536
False	15	225.65625	0.0	1700356749.6657293
False	15	226.875	1227.5	1700356749.6661062
False	15	227.984375	1240.75	1700356749.6664562
False	15	229.140625	1253.25	1700356749.666879
False	15	230.328125	0.0	1700356749.6672506
False	15	231.546875	0.0	1700356749.6676135
False	15	232.71875	0.0	1700356749.6679711
False	15	234.234375	0.0	1700356749.6683238
False	0	241.953125	0.0	1700356749.6696122
False	0	243.140625	0.0	1700356749.6706407
False	0	244.328125	0.0	1700356749.6713016
False	0	245.53125	0.0	1700356749.6719186
False	15	239.734375	0.0	1700356749.6724598
False	15	240.953125	1383.75	1700356749.672985
False	15	249.109375	0.0	1700356749.673338
False	15	250.328125	0.0	1700356749.674633
False	15	244.453125	0.0	1700356749.6751657
False	15	245.578125	0.0	1700356749.6758296
False	15	246.765625	1687.25	1700356749.6770551
False	15	247.90625	1705.0	1700356749.6775105
False	15	249.140625	1705.75	1700356749.6780243
False	0	257.4375	0.0	1700356749.6804779
False	15	251.421875	0.0	1700356749.6843517
False	15	252.578125	1990.0	1700356749.6849658
False	15	253.796875	1992.0	1700356749.6854875
False	15	255.015625	0.0	1700356749.6859558
False	15	256.203125	1912.25	1700356749.6878042
False	15	257.3125	0.0	1700356749.6884072
False	15	258.53125	0.0	1700356749.6900291
False	10	259.65625	0.0	1700356749.6909862
False	15	260.765625	0.0	1700356749.6918347
False	15	261.96875	2632.5	1700356749.69393
False	15	263.15625	2647.25	1700356749.6962445
False	15	264.34375	2651.0	1700356749.697052
False	15	265.53125	2650.5	1700356749.6975608
False	15	266.703125	2630.5	1700356749.6981463
False	15	267.953125	2612.0	1700356749.6988957
False	15	269.09375	2604.25	1700356749.7051153
False	15	270.328125	2596.75	1700356749.706074
False	15	271.53125	2582.5	1700356749.7070928
False	15	272.703125	2571.75	1700356749.7096646
False	15	273.90625	2565.25	1700356749.7128897
False	15	275.0	2556.0	1700356749.7150018
False	15	276.21875	2546.5	1700356749.7155886
False	15	277.390625	2539.75	1700356749.7166739
False	15	278.59375	2530.5	1700356749.7170901
False	15	279.796875	2526.25	1700356749.7175279
False	15	280.96875	2524.0	1700356749.7179081
False	15	282.15625	2523.0	1700356749.7182884
False	15	283.359375	2522.75	1700356749.718729
False	15	284.546875	2520.0	1700356749.7191887
False	15	285.71875	2520.0	1700356749.720626
False	15	286.921875	2519.75	1700356749.7211294
False	15	288.09375	2520.0	1700356749.7222815
False	15	289.296875	2522.75	1700356749.7243097
False	15	290.484375	2526.5	1700356749.7254832
False	15	291.6875	2531.25	1700356749.7258496
False	15	292.859375	2538.5	1700356749.7262006
False	15	294.09375	0.0	1700356749.7265723
False	15	295.28125	2416.0	1700356749.7272315
False	15	296.421875	0.0	1700356749.7276475
False	15	297.59375	2566.5	1700356749.7280228
False	15	298.828125	2581.0	1700356749.728369
False	15	300.0	2616.25	1700356749.7287128
False	15	301.234375	0.0	1700356749.7290506
False	15	302.4375	2475.0	1700356749.7295377
False	15	303.640625	2488.5	1700356749.7298765
False	15	304.78125	0.0	1700356749.7302096
False	15	305.96875	2606.75	1700356749.7305593
False	15	307.15625	2651.25	1700356749.7310293
False	15	308.328125	2691.25	1700356749.7314477
False	15	309.515625	2717.75	1700356749.7320254
False	15	310.71875	2741.5	1700356749.7324398
False	15	311.890625	2762.5	1700356749.7330184
False	15	313.046875	0.0	1700356749.7333624
False	15	314.234375	0.0	1700356749.7337105
False	15	315.4375	2889.0	1700356749.7340555
False	15	316.609375	2918.0	1700356749.7343965
False	15	317.796875	2957.5	1700356749.7348337
False	15	319.0	2996.25	1700356749.7359252
False	15	320.1875	3037.75	1700356749.7363694
False	15	321.359375	3087.5	1700356749.7367535
False	15	322.53125	3139.25	1700356749.7375813
False	15	323.734375	3191.5	1700356749.7379482
False	15	324.90625	3252.25	1700356749.7382782
False	15	326.09375	3250.0	1700356749.7386134
False	15	327.3125	3200.5	1700356749.7400951
False	15	328.484375	3229.0	1700356749.7415452
False	15	329.6875	3225.5	1700356749.7436767
False	15	330.859375	3159.75	1700356749.7447183
False	15	332.09375	3109.5	1700356749.745074
False	15	333.28125	3079.25	1700356749.74541
False	15	334.4375	3108.25	1700356749.7457464
False	15	335.609375	3184.75	1700356749.7460892
False	15	336.828125	3198.75	1700356749.7464194
False	15	338.03125	0.0	1700356749.7468526
False	15	339.234375	0.0	1700356749.7473621
False	15	340.4375	2930.5	1700356749.7483919
False	15	341.609375	2935.0	1700356749.7487545
False	15	343.640625	0.0	1700356749.7491343
False	15	344.8125	1141.75	1700356749.749479
False	15	345.875	0.0	1700356749.7504036
False	15	347.078125	0.0	1700356749.750817
False	15	348.375	0.0	1700356749.7521544
False	15	349.59375	0.0	1700356749.7535157
False	15	350.734375	0.0	1700356749.7539477
True	15	351.890625	1181.0	1700356749.7544312
False	15	353.078125	1198.25	1700356749.7557542
False	15	354.171875	1220.0	1700356749.7561014
False	15	355.34375	1243.25	1700356749.7564473
False	15	356.546875	1256.25	1700356749.7567923
False	0	4.5625	0.0	1700356749.757131
False	15	5.78125	0.0	1700356749.7580771
False	15	359.5625	0.0	1700356749.7584286
False	15	0.75	2326.0	1700356749.758865
False	15	1.984375	2326.5	1700356749.7592292
False	15	3.171875	2307.25	1700356749.7602022
False	15	4.359375	2290.0	1700356749.7613292
False	15	5.53125	2295.5	1700356749.76199
False	15	6.734375	2300.75	1700356749.7633052
False	15	7.921875	2281.5	1700356749.7636707
False	15	9.109375	2273.0	1700356749.7643983
False	15	10.296875	2267.0	1700356749.7647603
False	15	11.46875	2251.0	1700356749.7651026
False	15	12.65625	2261.75	1700356749.765444
False	15	13.859375	2272.5	1700356749.765784
False	15	15.0625	2279.75	1700356749.7661285
False	15	16.25	2282.25	1700356749.7664828
False	15	17.40625	2263.75	1700356749.766875
False	15	18.625	2253.75	1700356749.7672334
False	15	19.828125	2255.25	1700356749.7675786
False	15	21.0	2270.75	1700356749.7680259
False	15	22.171875	2273.5	1700356749.7690148
False	15	23.359375	2264.25	1700356749.7693632
False	0	31.90625	0.0	1700356749.769703
False	0	33.09375	0.0	1700356749.7715468
False	0	34.28125	0.0	1700356749.7724802
False	0	35.46875	0.0	1700356749.773471
False	0	36.65625	0.0	1700356749.773817
False	0	37.84375	0.0	1700356749.7741525
False	0	39.03125	0.0	1700356749.774591
False	0	40.21875	0.0	1700356749.7755065
False	0	41.40625	0.0	1700356749.7758582
False	0	42.640625	0.0	1700356749.7761993
False	0	43.828125	0.0	1700356749.7765353
False	0	45.03125	0.0	1700356749.7770429
False	0	46.21875	0.0	1700356749.7773857
False	7	40.0625	0.0	1700356749.77772
False	9	41.265625	2172.0	1700356749.7780561
False	15	42.453125	2200.0	1700356749.7789323
False	9	43.640625	2227.5	1700356749.779313
False	11	44.796875	2250.25	1700356749.7798305
False	15	46.0	2284.75	1700356749.7808082
False	14	47.1875	2326.25	1700356749.78142
False	14	48.34375	2342.0	1700356749.782482
False	13	49.53125	2357.0	1700356749.7833629
False	14	50.734375	2376.25	1700356749.7838182
False	10	51.9375	2390.75	1700356749.7841735
False	13	53.109375	0.0	1700356749.7845166
False	14	54.296875	2495.0	1700356749.7848563
False	15	55.453125	2515.0	1700356749.7851946
False	15	56.640625	2541.25	1700356749.7855294
False	0	65.265625	0.0	1700356749.785866
False	8	59.0	0.0	1700356749.7862034
False	10	60.203125	2676.25	1700356749.7865403
False	8	61.390625	0.0	1700356749.7869296
False	12	62.609375	0.0	1700356749.7872717
False	0	71.25	0.0	1700356749.787605
False	15	65.0625	0.0	1700356749.7879384
False	15	66.234375	2329.75	1700356749.7882795
False	15	67.46875	2346.0	1700356749.7886124
False	15	68.640625	2353.0	1700356749.789419
False	15	70.71875	0.0	1700356749.789771
False	15	72.078125	0.0	1700356749.790217
False	15	73.328125	0.0	1700356749.7910807
False	15	74.453125	863.5	1700356749.791519
False	15	75.703125	851.75	1700356749.7932942
False	15	76.84375	857.25	1700356749.7941935
False	15	78.03125	852.0	1700356749.795077
False	15	79.28125	831.75	1700356749.7954369
False	15	86.75	0.0	1700356749.7957754
False	15	87.9375	0.0	1700356749.7961624
False	15	82.796875	0.0	1700356749.797676
False	15	83.890625	899.5	1700356749.798515
False	15	91.5	0.0	1700356749.79921
False	15	92.6875	0.0	1700356749.7997465
False	0	93.859375	0.0	1700356749.8001182
False	8	87.46875	0.0	1700356749.8011878
False	0	96.25	0.0	1700356749.8015897
False	0	97.453125	0.0	1700356749.8021343
False	0	98.640625	0.0	1700356749.8034189
False	0	99.828125	0.0	1700356749.8047261
False	8	93.515625	0.0	1700356749.8063571
False	0	102.21875	0.0	1700356749.8068812
False	15	96.1875	0.0	1700356749.8078387
False	0	104.59375	0.0	1700356749.8082805
False	0	105.796875	0.0	1700356749.8086982
False	0	106.96875	0.0	1700356749.8091087
False	0	108.15625	0.0	1700356749.8095126
False	0	109.34375	0.0	1700356749.8099086
False	0	110.546875	0.0	1700356749.810312
False	0	111.734375	0.0	1700356749.8117647
False	0	112.921875	0.0	1700356749.8123
False	15	106.8125	0.0	1700356749.8133411
False	15	108.015625	2050.75	1700356749.813776
False	15	109.203125	2052.5	1700356749.8143847
False	15	110.40625	2056.25	1700356749.8148832
False	15	111.578125	2060.75	1700356749.8153424
False	15	112.796875	2065.75	1700356749.8177812
False	15	113.953125	2073.25	1700356749.819802
False	15	115.140625	2081.25	1700356749.8218493
False	15	116.328125	2086.5	1700356749.8230667
False	15	117.515625	2094.0	1700356749.8237913
False	15	118.734375	2099.5	1700356749.8255093
False	15	119.90625	2116.75	1700356749.8266146
False	15	121.078125	2137.75	1700356749.828104
False	15	122.265625	2147.0	1700356749.8289688
False	15	123.4375	2160.0	1700356749.829556
False	15	124.640625	2177.5	1700356749.8300295
False	15	125.8125	2188.75	1700356749.8305573
False	15	127.0	2197.75	1700356749.8312464
False	15	128.1875	2214.25	1700356749.8321867
False	15	129.375	2248.5	1700356749.8331833
False	15	130.6875	0.0	1700356749.835322
False	15	131.734375	0.0	1700356749.8358366
False	15	132.953125	2092.5	1700356749.8374596
False	15	134.15625	0.0	1700356749.8389027
False	15	135.34375	2002.25	1700356749.8402317
False	15	136.59375	0.0	1700356749.8413084
False	14	137.734375	0.0	1700356749.8418734
False	15	138.984375	0.0	1700356749.8423598
False	15	140.34375	0.0	1700356749.8429968
False	15	141.453125	0.0	1700356749.8436406
False	15	142.609375	0.0	1700356749.8443627
False	15	143.875	1575.25	1700356749.846203
False	0	152.09375	0.0	1700356749.8474917
False	15	146.25	0.0	1700356749.8482645
False	15	147.53125	0.0	1700356749.848772
False	15	148.734375	1409.5	1700356749.849794
False	9	149.859375	1397.25	1700356749.850365
False	15	151.015625	0.0	1700356749.8515482
False	15	152.28125	0.0	1700356749.8562784
False	15	153.546875	0.0	1700356749.8574476
False	15	154.765625	1294.25	1700356749.8584368
False	15	156.0625	0.0	1700356749.8589244
False	15	157.140625	0.0	1700356749.86216
False	15	158.375	0.0	1700356749.8627431
False	0	166.40625	0.0	1700356749.8631485
False	11	160.875	0.0	1700356749.8635018
False	10	162.109375	1150.25	1700356749.8638504
False	0	169.96875	0.0	1700356749.8660178
False	0	171.15625	0.0	1700356749.867513
False	0	172.34375	0.0	1700356749.8679857
False	0	173.53125	0.0	1700356749.868438
False	15	167.953125	0.0	1700356749.8692648
False	15	169.25	0.0	1700356749.8700657
False	15	170.546875	1070.25	1700356749.8710055
False	15	171.828125	0.0	1700356749.871756
False	15	172.859375	1010.0	1700356749.872133
False	15	174.125	1018.5	1700356749.8725455
False	15	175.28125	1011.5	1700356749.8729417
False	15	176.578125	1005.0	1700356749.8734174
False	15	177.71875	1000.75	1700356749.8767362
False	15	178.953125	995.25	1700356749.8773737
False	15	180.046875	987.75	1700356749.8777618
False	15	181.21875	993.75	1700356749.8782809
False	15	182.46875	1005.5	1700356749.8820388
False	15	183.6875	0.0	1700356749.8838859
False	15	184.859375	963.75	1700356749.886267
False	15	186.125	960.0	1700356749.8882234
False	15	187.328125	951.5	1700356749.8886518
False	15	188.53125	933.75	1700356749.8889995
False	15	189.671875	935.25	1700356749.8893402
False	15	190.875	941.25	1700356749.8901622
False	15	192.03125	933.25	1700356749.8905177
False	15	193.34375	924.0	1700356749.8909988
False	15	194.375	929.25	1700356749.8915887
False	15	195.71875	0.0	1700356749.891927
False	15	196.84375	908.5	1700356749.8922698
False	15	198.0625	911.75	1700356749.8926253
False	15	199.28125	913.75	1700356749.8930068
False	15	200.3125	0.0	1700356749.8942013
False	15	201.546875	937.75	1700356749.8962867
False	15	202.78125	932.25	1700356749.8966768
False	15	203.984375	937.5	1700356749.8970268
False	15	204.765625	0.0	1700356749.89737
False	15	205.90625	1266.25	1700356749.897735
False	15	207.140625	1272.5	1700356749.8980987
False	15	208.34375	1280.5	1700356749.8984678
False	15	209.53125	1290.75	1700356749.898891
False	15	210.75	0.0	1700356749.9018793
False	15	212.09375	0.0	1700356749.902357
False	15	213.4375	0.0	1700356749.9028137
False	15	221.125	0.0	1700356749.90317
False	15	222.328125	0.0	1700356749.9035115
False	15	216.8125	0.0	1700356749.9053452
False	15	218.109375	0.0	1700356749.9062572
False	15	219.34375	1018.25	1700356749.906624
False	15	220.390625	0.0	1700356749.9070349
False	15	221.515625	1102.75	1700356749.9079697
False	15	222.6875	1122.75	1700356749.9083834
False	15	223.875	0.0	1700356749.9087317
False	15	225.140625	1160.25	1700356749.9093778
False	15	226.234375	0.0	1700356749.9097874
False	15	227.4375	1207.0	1700356749.9101827
False	15	228.5625	0.0	1700356749.910535
False	15	229.65625	1281.25	1700356749.9109564
False	15	230.84375	0.0	1700356749.9114923
False	15	231.984375	1348.5	1700356749.911889
False	15	233.1875	1366.75	1700356749.9122262
False	15	234.453125	0.0	1700356749.9125602
False	15	235.609375	0.0	1700356749.9128976
False	15	236.796875	0.0	1700356749.9132295
False	0	244.859375	0.0	1700356749.913707
False	15	239.03125	0.0	1700356749.9141035
False	0	247.234375	0.0	1700356749.914883
False	15	241.484375	1414.5	1700356749.9154565
False	15	243.3125	0.0	1700356749.9158027
False	15	243.8125	0.0	1700356749.9161396
False	15	244.921875	0.0	1700356749.9164739
False	15	246.078125	0.0	1700356749.916808
False	15	247.203125	1685.0	1700356749.9172173
False	15	248.421875	1701.5	1700356749.917553
False	15	256.75	0.0	1700356749.9178803
False	15	258.015625	0.0	1700356749.9183109
False	15	251.890625	0.0	1700356749.919215
False	15	253.125	1988.0	1700356749.9200497
False	15	254.375	0.0	1700356749.9204245
False	15	255.53125	0.0	1700356749.9207633
False	15	256.6875	1975.75	1700356749.921435
False	15	257.828125	0.0	1700356749.9217818
False	15	258.953125	0.0	1700356749.9221847
False	15	260.140625	0.0	1700356749.9228501
False	15	261.28125	0.0	1700356749.9237924
False	15	262.484375	2655.75	1700356749.9241562
False	15	263.65625	2647.0	1700356749.9244938
False	15	264.828125	2668.25	1700356749.9248323
False	15	266.046875	2672.5	1700356749.9255807
False	15	267.234375	2638.0	1700356749.9259229
False	15	268.4375	2620.5	1700356749.9262578
False	15	269.609375	2607.0	1700356749.9265897
False	15	270.828125	2595.75	1700356749.9274533
False	15	271.984375	2589.0	1700356749.9278064
False	15	273.21875	2577.75	1700356749.9282243
False	15	274.40625	2564.25	1700356749.9286504
False	15	275.515625	2553.25	1700356749.9290955
False	15	276.671875	2543.5	1700356749.9295583
False	15	277.890625	2534.75	1700356749.9302928
False	15	279.0625	2527.5	1700356749.9317985
False	15	280.234375	2527.75	1700356749.9324493
False	15	281.421875	2524.75	1700356749.933259
False	15	282.625	2518.25	1700356749.9336548
False	15	283.796875	2519.75	1700356749.9348314
False	15	285.0	2522.5	1700356749.9356444
False	15	286.15625	2524.0	1700356749.9362764
False	15	287.375	2524.75	1700356749.9376075
False	15	288.578125	2523.25	1700356749.9386287
False	15	289.765625	2523.0	1700356749.9416728
False	15	290.9375	2523.5	1700356749.942208
False	15	292.109375	2525.5	1700356749.9426155
False	15	293.34375	0.0	1700356749.9431267
False	15	294.5	2399.25	1700356749.9438334
False	15	295.6875	2446.0	1700356749.9448576
False	15	296.828125	0.0	1700356749.9458587
False	15	298.046875	2576.0	1700356749.9478424
False	15	299.234375	2584.0	1700356749.9519663
False	15	300.5	0.0	1700356749.9561539
False	15	301.65625	2437.75	1700356749.9577096
False	15	302.859375	2479.75	1700356749.960119
False	15	304.046875	0.0	1700356749.9606678
False	15	305.1875	0.0	1700356749.9612586
False	15	306.34375	2677.75	1700356749.9619327
False	15	307.5625	2678.25	1700356749.9624925
False	15	308.734375	2699.25	1700356749.963062
False	15	309.953125	2726.0	1700356749.96395
False	15	311.109375	2750.75	1700356749.964537
False	15	312.296875	2767.75	1700356749.9651768
False	15	313.46875	2782.75	1700356749.9657845
False	15	314.671875	2830.75	1700356749.9673386
False	15	315.828125	2891.75	1700356749.9683354
False	15	317.015625	2932.75	1700356749.9693842
False	15	318.203125	2974.25	1700356749.9697704
False	15	319.375	3014.75	1700356749.970134
False	15	320.5625	3071.25	1700356749.9704921
False	15	321.75	3120.75	1700356749.9712515
False	15	322.921875	3161.5	1700356749.9716554
False	15	324.109375	3212.75	1700356749.9720201
False	15	325.296875	3264.75	1700356749.97333
False	15	326.484375	3300.75	1700356749.9740748
False	15	327.6875	3332.75	1700356749.9755845
False	15	328.875	3312.25	1700356749.9760816
False	15	330.078125	0.0	1700356749.9765668
False	15	331.265625	3165.25	1700356749.9772415
False	15	332.46875	3147.0	1700356749.9797835
False	15	333.640625	3107.0	1700356749.9832785
False	15	334.84375	3125.25	1700356749.9841986
False	15	335.984375	0.0	1700356749.9847791
False	15	337.203125	0.0	1700356749.9857953
False	0	345.921875	0.0	1700356749.9864392
False	15	339.609375	0.0	1700356749.9870782
False	15	340.796875	2918.5	1700356749.9894948
False	15	341.984375	2932.5	1700356749.990548
False	15	343.90625	0.0	1700356749.9915686
False	15	345.0625	0.0	1700356749.9922912
False	15	346.28125	1212.5	1700356749.9927785
False	0	354.25	0.0	1700356749.9931548
False	15	348.875	0.0	1700356749.9936295
False	15	349.9375	0.0	1700356749.9940498
False	15	351.109375	1125.75	1700356749.9944575
True	15	352.25	0.0	1700356749.9952462
False	15	353.4375	1207.0	1700356749.9963286
False	15	354.625	1213.25	1700356749.9969761
False	15	355.78125	0.0	1700356749.9974809
False	15	356.890625	0.0	1700356750.0016706
False	0	4.9375	0.0	1700356750.0025299
False	15	6.15625	0.0	1700356750.0053737
False	15	359.9375	0.0	1700356750.0074878
False	15	1.140625	2314.5	1700356750.0090292
False	15	2.375	2311.0	1700356750.009657
False	15	3.515625	2302.25	1700356750.0101066
False	15	4.703125	2300.0	1700356750.0104806
False	15	5.9375	2293.75	1700356750.0109773
False	15	7.109375	2273.5	1700356750.0276167
False	15	8.296875	2267.25	1700356750.0286186
False	15	9.484375	2269.25	1700356750.0297027
False	15	10.671875	2264.0	1700356750.03012
False	15	11.84375	2251.25	1700356750.0314987
False	15	13.03125	2255.25	1700356750.0318677
False	15	14.25	2266.5	1700356750.0323508
False	15	15.390625	2279.0	1700356750.0326877
False	15	16.59375	2274.75	1700356750.0330265
False	15	17.8125	2257.0	1700356750.0339065
False	15	18.984375	2252.5	1700356750.0342445
False	15	20.15625	2257.25	1700356750.0346384
False	15	21.359375	2262.5	1700356750.0354817
False	15	22.546875	2266.25	1700356750.035893
False	15	23.734375	2272.5	1700356750.036278
False	0	32.265625	0.0	1700356750.0366242
False	0	33.453125	0.0	1700356750.0369678
False	0	34.640625	0.0	1700356750.0373065
False	0	35.828125	0.0	1700356750.0376697
False	0	37.015625	0.0	1700356750.0380163
False	0	38.203125	0.0	1700356750.0383527
False	0	39.40625	0.0	1700356750.0388477
False	0	40.578125	0.0	1700356750.0393882
False	0	41.765625	0.0	1700356750.0397453
False	0	43.0	0.0	1700356750.0400836
False	0	44.1875	0.0	1700356750.0404463
False	0	45.359375	0.0	1700356750.0408218
False	0	46.5625	0.0	1700356750.0411906
False	9	40.421875	0.0	1700356750.0423155
False	15	41.625	2183.75	1700356750.0428054
False	10	42.8125	2206.75	1700356750.043404
False	9	43.96875	2233.75	1700356750.0443392
False	15	45.140625	2269.5	1700356750.0446997
False	15	46.34375	2304.0	1700356750.04504
False	15	47.484375	2328.0	1700356750.0453742
False	15	48.703125	2350.0	1700356750.0457087
False	15	49.859375	2369.0	1700356750.0461283
False	8	51.046875	2381.5	1700356750.046465
False	12	52.25	2418.75	1700356750.0468595
False	13	53.40625	2470.25	1700356750.04738
False	15	54.578125	2498.25	1700356750.0482645
False	15	55.765625	2527.25	1700356750.048613
False	10	56.984375	2554.25	1700356750.0489457
False	0	65.59375	0.0	1700356750.0492826
False	9	59.34375	0.0	1700356750.0500488
False	15	60.453125	0.0	1700356750.0504022
False	0	69.203125	0.0	1700356750.0508087
False	0	70.390625	0.0	1700356750.0513306
False	0	71.578125	0.0	1700356750.0516827
False	15	65.421875	0.0	1700356750.052016
False	15	66.59375	2342.25	1700356750.052368
False	15	67.765625	2346.25	1700356750.0527012
False	15	68.984375	2332.75	1700356750.0536928
False	15	71.078125	0.0	1700356750.0548012
False	15	72.34375	913.25	1700356750.0558121
False	15	73.65625	0.0	1700356750.0566344
False	15	74.84375	859.75	1700356750.0569882
False	15	76.0	855.5	1700356750.057422
False	15	77.203125	844.25	1700356750.0622218
False	15	78.40625	831.25	1700356750.0626163
False	15	79.65625	830.5	1700356750.063041
False	15	80.703125	0.0	1700356750.0633903
False	15	81.84375	881.25	1700356750.0638041
False	15	83.03125	894.0	1700356750.0649276
False	15	84.171875	899.5	1700356750.0661652
False	15	91.8125	0.0	1700356750.0666018
False	15	93.0	0.0	1700356750.0676503
False	0	94.171875	0.0	1700356750.0680048
False	0	95.359375	0.0	1700356750.0683448
False	0	96.5625	0.0	1700356750.068674
False	0	97.75	0.0	1700356750.0690007
False	0	98.9375	0.0	1700356750.0693336
False	0	100.125	0.0	1700356750.0696676
False	10	101.34375	0.0	1700356750.0701523
False	15	95.203125	0.0	1700356750.0706623
False	15	96.453125	0.0	1700356750.0715203
False	0	104.875	0.0	1700356750.0722468
False	0	106.078125	0.0	1700356750.0728464
False	0	107.25	0.0	1700356750.0734038
False	0	108.453125	0.0	1700356750.0738504
False	0	109.640625	0.0	1700356750.075011
False	0	110.828125	0.0	1700356750.0763595
False	0	112.015625	0.0	1700356750.0774477
False	0	113.203125	0.0	1700356750.0779727
False	0	114.359375	0.0	1700356750.0785098
False	0	115.546875	0.0	1700356750.079883
False	15	109.453125	0.0	1700356750.0803192
False	15	110.625	2059.0	1700356750.0808172
False	15	111.8125	2064.0	1700356750.0838828
False	15	113.0	2071.5	1700356750.0859878
False	15	114.21875	2076.5	1700356750.0897973
False	15	115.359375	2080.5	1700356750.0906205
False	15	116.578125	2088.0	1700356750.092001
False	15	117.765625	2092.5	1700356750.0956454
False	15	118.953125	2097.5	1700356750.0977356
False	15	120.15625	2087.25	1700356750.1018572
False	15	121.296875	0.0	1700356750.1065278
False	15	122.484375	2150.75	1700356750.107218
False	15	123.6875	2160.25	1700356750.1088402
False	15	124.859375	2174.0	1700356750.1099377
False	15	126.0625	2188.75	1700356750.1117375
False	15	127.25	2207.0	1700356750.1128356
False	15	128.390625	2218.0	1700356750.1134057
False	15	129.59375	2202.25	1700356750.1143513
False	15	130.734375	0.0	1700356750.115625
False	15	131.984375	0.0	1700356750.1164994
False	15	133.1875	2086.5	1700356750.1174288
False	15	134.359375	0.0	1700356750.117856
False	15	135.578125	0.0	1700356750.11829
False	15	136.78125	1984.5	1700356750.1196935
False	15	138.046875	0.0	1700356750.1202059
False	15	139.34375	0.0	1700356750.1206465
False	15	140.484375	0.0	1700356750.12112
False	15	141.6875	1645.25	1700356750.1214845
False	15	142.921875	1603.5	1700356750.1218414
False	15	144.078125	1594.0	1700356750.1221893
False	0	152.34375	0.0	1700356750.1227968
False	15	146.546875	0.0	1700356750.1240368
False	15	147.734375	0.0	1700356750.1244185
False	15	148.953125	1379.25	1700356750.1247756
False	0	157.078125	0.0	1700356750.12521
False	15	151.21875	0.0	1700356750.1256886
False	15	152.5625	0.0	1700356750.1263874
False	15	153.78125	1302.0	1700356750.127056
False	15	155.0	1290.0	1700356750.1285028
False	15	156.265625	0.0	1700356750.128936
False	15	157.484375	1208.5	1700356750.129295
False	12	158.796875	0.0	1700356750.1296785
False	0	166.640625	0.0	1700356750.1317163
False	10	161.125	1145.0	1700356750.1324673
False	9	162.296875	1149.0	1700356750.132853
False	0	170.203125	0.0	1700356750.1332238
False	10	164.703125	0.0	1700356750.1341872
False	9	165.96875	1094.5	1700356750.134581
False	15	167.109375	1077.25	1700356750.1350248
False	15	168.296875	1071.75	1700356750.1363368
False	15	169.53125	1080.0	1700356750.136889
False	15	177.359375	0.0	1700356750.1373045
False	15	178.5625	0.0	1700356750.1377244
False	15	173.21875	0.0	1700356750.1381311
False	15	174.328125	1017.0	1700356750.138499
False	15	175.5	1010.75	1700356750.1391203
False	15	176.796875	1004.5	1700356750.1402457
False	15	177.953125	999.75	1700356750.1425812
False	15	179.1875	995.0	1700356750.1438215
False	15	180.375	985.25	1700356750.1450179
False	15	181.53125	0.0	1700356750.1454587
False	15	182.65625	1007.5	1700356750.1458344
False	15	183.984375	0.0	1700356750.1463592
False	15	185.1875	963.25	1700356750.1479454
False	15	186.359375	961.0	1700356750.1485255
False	15	187.515625	952.25	1700356750.1490047
False	15	188.671875	941.0	1700356750.149577
False	15	189.953125	939.25	1700356750.150132
False	15	191.09375	938.5	1700356750.1507885
False	15	192.265625	934.0	1700356750.1525083
False	15	193.515625	934.25	1700356750.1531863
False	15	194.6875	940.0	1700356750.1549327
False	15	195.921875	0.0	1700356750.1581535
False	15	197.140625	911.5	1700356750.1601307
False	15	198.359375	911.75	1700356750.1609087
False	15	199.53125	917.25	1700356750.1613293
False	15	200.671875	928.0	1700356750.161703
False	15	201.796875	931.75	1700356750.1620672
False	15	202.96875	931.5	1700356750.162401
False	15	204.1875	938.0	1700356750.1628463
False	15	205.046875	0.0	1700356750.1634438
False	15	206.171875	1272.0	1700356750.1644077
False	15	207.390625	1276.75	1700356750.1647644
False	15	208.5	1288.75	1700356750.1650987
False	15	209.765625	1291.5	1700356750.1654382
False	15	211.0625	0.0	1700356750.1658792
False	15	212.453125	0.0	1700356750.1680722
False	15	213.625	0.0	1700356750.168453
False	15	221.390625	0.0	1700356750.1688032
False	15	222.578125	0.0	1700356750.1691463
False	15	223.796875	0.0	1700356750.1699173
False	15	224.953125	0.0	1700356750.1702638
False	15	226.140625	0.0	1700356750.170602
False	15	227.34375	0.0	1700356750.1710048
False	15	228.53125	0.0	1700356750.1715512
False	15	223.03125	0.0	1700356750.1726341
False	15	224.15625	1152.5	1700356750.172994
False	15	225.296875	1179.25	1700356750.1733322
False	15	226.484375	1209.75	1700356750.173981
False	15	227.640625	1223.0	1700356750.1743279
False	15	228.828125	0.0	1700356750.174747
False	15	229.90625	1296.5	1700356750.1755922
False	15	231.0625	1330.5	1700356750.1770139
False	0	239.203125	0.0	1700356750.1773806
False	15	233.390625	0.0	1700356750.177726
False	15	234.578125	1430.25	1700356750.1780627
False	15	235.890625	0.0	1700356750.1784022
False	15	237.03125	1326.0	1700356750.1799567
False	0	245.140625	0.0	1700356750.1809468
False	15	239.390625	0.0	1700356750.1814713
False	0	247.53125	0.0	1700356750.193491
False	15	241.734375	0.0	1700356750.1939096
False	15	249.9375	0.0	1700356750.194276
False	15	251.109375	0.0	1700356750.1946151
False	15	245.203125	0.0	1700356750.195723
False	15	246.375	0.0	1700356750.1960754
False	15	247.53125	1700.5	1700356750.1964211
False	15	248.6875	1711.5	1700356750.1967661
False	15	257.0625	0.0	1700356750.1976829
False	15	258.25	0.0	1700356750.198084
False	15	252.140625	0.0	1700356750.1985538
False	15	253.359375	1990.0	1700356750.1989918
False	15	254.5625	0.0	1700356750.1995058
False	15	255.734375	0.0	1700356750.1998503
False	15	256.921875	1997.5	1700356750.2001877
False	15	258.078125	0.0	1700356750.2010581
False	15	259.1875	0.0	1700356750.2013953
False	15	260.34375	0.0	1700356750.2031136
False	15	261.5	0.0	1700356750.2041888
False	15	262.703125	2652.5	1700356750.2050138
False	15	263.890625	2636.75	1700356750.2056756
False	15	265.0625	2659.75	1700356750.2063236
False	15	266.234375	2659.75	1700356750.2069495
False	15	267.46875	2621.5	1700356750.2075465
False	15	268.640625	2612.0	1700356750.2079077
False	15	269.828125	2602.25	1700356750.2082598
False	15	271.015625	2591.75	1700356750.209343
False	15	272.21875	2584.25	1700356750.2099142
False	15	273.40625	2573.25	1700356750.2103972
False	15	274.578125	2564.5	1700356750.211929
False	15	275.734375	2554.5	1700356750.2141123
False	15	276.90625	2540.25	1700356750.2145584
False	15	278.09375	2531.75	1700356750.2153735
False	15	279.3125	2526.5	1700356750.2158287
False	15	280.484375	2522.5	1700356750.2162073
False	15	281.6875	2518.75	1700356750.217214
False	15	282.859375	2517.0	1700356750.21765
False	15	284.03125	2497.25	1700356750.2180374
False	15	285.234375	2495.25	1700356750.2184124
False	15	286.390625	2513.5	1700356750.2197204
False	15	287.59375	2514.5	1700356750.2204158
False	15	288.8125	2520.0	1700356750.2214696
False	15	289.984375	2523.5	1700356750.2229857
False	15	291.15625	2529.25	1700356750.2234752
False	15	292.359375	2530.25	1700356750.2248228
False	15	293.5625	0.0	1700356750.225477
False	15	294.75	2407.25	1700356750.2259398
False	15	295.953125	2444.75	1700356750.2263029
False	15	297.109375	0.0	1700356750.2267392
False	15	298.28125	2577.5	1700356750.2275283
False	15	299.484375	2582.5	1700356750.227955
False	15	300.734375	0.0	1700356750.2286148
False	15	301.921875	2451.5	1700356750.229802
False	15	303.0625	2493.0	1700356750.2303202
False	15	304.28125	2531.25	1700356750.2308316
False	15	305.484375	2534.75	1700356750.2321858
False	15	306.609375	0.0	1700356750.2326381
False	15	307.8125	2680.0	1700356750.2330444
False	15	308.953125	2708.75	1700356750.23345
False	15	310.171875	2736.25	1700356750.2342875
False	15	311.34375	2756.75	1700356750.2351766
False	15	312.53125	2756.25	1700356750.23596
False	15	313.6875	0.0	1700356750.2364838
False	15	314.890625	2887.25	1700356750.2369673
False	15	316.078125	2911.0	1700356750.2373853
False	15	317.234375	2940.75	1700356750.2389548
False	15	318.421875	2975.25	1700356750.2401083
False	15	319.625	3014.5	1700356750.241427
False	15	320.78125	3067.5	1700356750.242205
False	15	321.984375	3121.0	1700356750.244826
False	15	323.21875	3171.0	1700356750.2455387
False	15	324.40625	3226.0	1700356750.2470174
False	15	325.578125	3277.5	1700356750.2494543
False	12	326.75	3306.75	1700356750.2504075
False	15	327.953125	3343.75	1700356750.2514646
False	15	329.140625	0.0	1700356750.2530391
False	15	330.359375	3225.25	1700356750.2535813
False	15	331.546875	0.0	1700356750.2649343
False	15	332.734375	3115.25	1700356750.266079
False	15	333.9375	3127.0	1700356750.2665727
False	15	335.109375	3147.75	1700356750.2673512
False	15	336.3125	3208.0	1700356750.268522
False	15	337.515625	3204.0	1700356750.2695715
False	15	338.75	0.0	1700356750.2700312
False	15	339.9375	2908.5	1700356750.2704322
False	15	341.109375	2918.5	1700356750.270884
False	15	342.296875	2940.0	1700356750.2714477
False	15	344.21875	0.0	1700356750.271829
False	15	345.453125	1173.75	1700356750.2727726
False	15	346.5625	0.0	1700356750.2755587
False	15	347.859375	0.0	1700356750.27625
False	15	349.0625	0.0	1700356750.2766175
False	15	350.328125	0.0	1700356750.2770092
False	15	351.390625	0.0	1700356750.2774994
True	15	352.53125	1151.75	1700356750.277929
False	15	353.734375	0.0	1700356750.2783291
False	15	354.8125	0.0	1700356750.2790563
False	15	356.015625	1264.75	1700356750.2801063
False	15	357.203125	1277.75	1700356750.2805781
False	15	357.9375	0.0	1700356750.281152
False	15	359.078125	0.0	1700356750.2815938
False	15	0.234375	2325.5	1700356750.282036
False	15	1.4375	2320.75	1700356750.2825541
False	15	2.625	2299.75	1700356750.28525
False	15	3.859375	2291.0	1700356750.28656
False	15	5.015625	2284.0	1700356750.2877135
False	15	6.21875	2280.0	1700356750.2889657
False	15	7.4375	2274.25	1700356750.2902918
False	15	8.609375	2267.0	1700356750.2908983
False	15	9.765625	2274.5	1700356750.291794
False	15	10.9375	2281.0	1700356750.2932785
False	15	12.125	2278.25	1700356750.2965267
False	15	13.3125	2260.25	1700356750.2970588
False	15	14.515625	2258.75	1700356750.2974124
False	15	15.703125	2275.0	1700356750.2982466
False	15	16.90625	2275.0	1700356750.2985895
False	15	18.046875	2275.75	1700356750.2994854
False	15	19.28125	2261.75	1700356750.3017159
False	15	20.4375	2250.75	1700356750.3043666
False	15	21.640625	2256.0	1700356750.3052185
False	15	22.84375	2260.5	1700356750.305582
False	15	24.0	2270.75	1700356750.305925
False	0	32.546875	0.0	1700356750.3062613
False	0	33.71875	0.0	1700356750.3065948
False	0	34.921875	0.0	1700356750.307014
False	0	36.109375	0.0	1700356750.3078094
False	0	37.296875	0.0	1700356750.3081589
False	0	38.484375	0.0	1700356750.3084984
False	0	39.65625	0.0	1700356750.308834
False	0	40.859375	0.0	1700356750.3091726
False	0	42.109375	0.0	1700356750.3095055
False	0	43.296875	0.0	1700356750.3098357
False	0	44.5	0.0	1700356750.3101816
False	0	45.6875	0.0	1700356750.3105159
False	0	46.875	0.0	1700356750.310934
False	10	40.75	0.0	1700356750.3114474
False	13	41.890625	2191.5	1700356750.3118293
False	15	43.078125	2216.0	1700356750.3121622
False	13	44.265625	2240.25	1700356750.3134773
False	15	45.484375	2271.75	1700356750.3138554
False	15	46.65625	2310.75	1700356750.3141992
False	15	47.84375	2330.25	1700356750.314532
False	15	48.984375	2352.5	1700356750.3149314
False	10	50.171875	2373.0	1700356750.3154433
False	9	51.390625	2377.5	1700356750.3157914
False	13	52.578125	2397.75	1700356750.3161237
False	15	53.734375	2428.25	1700356750.316454
False	15	54.921875	2453.5	1700356750.3167872
False	10	56.109375	0.0	1700356750.3171155
False	15	57.28125	2575.75	1700356750.3174438
False	0	65.921875	0.0	1700356750.3177733
False	10	59.65625	0.0	1700356750.318579
False	0	68.3125	0.0	1700356750.3192728
False	9	62.03125	0.0	1700356750.319649
False	13	63.265625	0.0	1700356750.320362
False	0	71.890625	0.0	1700356750.3207119
False	15	65.703125	0.0	1700356750.321047
False	0	74.28125	0.0	1700356750.3213732
False	15	68.09375	2342.5	1700356750.322151
False	15	70.21875	0.0	1700356750.3230283
False	15	71.515625	0.0	1700356750.3235672
False	15	72.65625	904.75	1700356750.3239117
False	15	73.890625	885.25	1700356750.32464
False	15	75.125	867.0	1700356750.324975
False	15	76.34375	857.25	1700356750.325304
False	15	77.5	868.75	1700356750.3259652
False	15	78.796875	0.0	1700356750.3263125
False	15	86.21875	0.0	1700356750.3266637
False	15	87.40625	0.0	1700356750.3270593
False	15	82.234375	0.0	1700356750.3275733
False	15	83.34375	900.0	1700356750.3279073
False	15	90.921875	0.0	1700356750.3282375
False	15	92.109375	0.0	1700356750.3285668
False	15	93.296875	0.0	1700356750.3289003
False	8	94.46875	0.0	1700356750.329797
False	15	95.671875	0.0	1700356750.3301363
False	0	96.859375	0.0	1700356750.3304672
False	0	98.046875	0.0	1700356750.3308496
False	0	99.234375	0.0	1700356750.3316023
False	7	93.03125	0.0	1700356750.331955
False	9	94.265625	0.0	1700356750.332283
False	15	95.546875	0.0	1700356750.332617
False	15	96.78125	0.0	1700356750.3329644
False	0	105.171875	0.0	1700356750.3334644
False	0	106.359375	0.0	1700356750.3348496
False	0	107.546875	0.0	1700356750.3354306
False	0	108.734375	0.0	1700356750.3366754
False	0	109.921875	0.0	1700356750.337069
False	0	111.109375	0.0	1700356750.3374531
False	15	105.03125	1906.75	1700356750.3378122
False	15	106.171875	0.0	1700356750.338158
False	15	107.359375	2045.75	1700356750.3385427
False	15	108.546875	2049.75	1700356750.3394458
False	15	109.6875	2054.75	1700356750.3410845
False	15	110.875	2058.5	1700356750.3418756
False	15	112.09375	2059.5	1700356750.3431427
False	15	113.25	2065.25	1700356750.3436072
False	15	114.453125	2075.25	1700356750.3450227
False	15	115.625	2083.0	1700356750.3457372
False	15	116.828125	2090.25	1700356750.346891
False	15	117.96875	2100.0	1700356750.3475194
False	15	119.203125	2110.5	1700356750.3502514
False	15	120.34375	2123.0	1700356750.35147
False	15	121.546875	2137.5	1700356750.3529232
False	15	122.703125	2149.75	1700356750.3649256
False	15	123.90625	2165.25	1700356750.3655343
False	15	125.0625	2182.0	1700356750.3665664
False	15	126.28125	2195.25	1700356750.368602
False	15	127.421875	2207.75	1700356750.3694415
False	15	128.671875	0.0	1700356750.3705704
False	15	137.171875	0.0	1700356750.3711345
False	15	138.390625	0.0	1700356750.3717678
False	15	132.21875	2115.75	1700356750.372672
False	15	133.40625	2077.5	1700356750.3745046
False	15	134.125	0.0	1700356750.3755744
False	14	135.828125	0.0	1700356750.375978
False	15	137.046875	0.0	1700356750.376326
False	15	138.34375	0.0	1700356750.3767104
False	15	139.515625	1682.0	1700356750.3771684
False	15	140.734375	1647.5	1700356750.377643
False	9	141.90625	1601.0	1700356750.378107
False	15	143.09375	0.0	1700356750.3785474
False	0	151.390625	0.0	1700356750.3790596
False	13	145.5625	0.0	1700356750.3797133
False	15	146.796875	0.0	1700356750.3808672
False	15	147.953125	1403.5	1700356750.3814948
False	0	156.140625	0.0	1700356750.3819547
False	12	150.3125	0.0	1700356750.3824365
False	15	151.46875	1525.75	1700356750.3842533
False	15	152.8125	0.0	1700356750.3846712
False	15	154.03125	1289.25	1700356750.3850315
False	15	155.28125	0.0	1700356750.3858976
False	15	156.453125	1232.25	1700356750.3863554
False	15	157.78125	1204.0	1700356750.386847
False	15	158.859375	0.0	1700356750.3876143
False	0	166.84375	0.0	1700356750.3888047
False	13	161.34375	0.0	1700356750.389323
False	15	162.5	0.0	1700356750.389769
False	0	170.40625	0.0	1700356750.3922212
False	0	171.59375	0.0	1700356750.3964815
False	9	166.125	0.0	1700356750.3979216
False	15	167.375	0.0	1700356750.3999567
False	15	168.515625	0.0	1700356750.400604
False	15	169.703125	1080.25	1700356750.4133387
False	0	177.53125	0.0	1700356750.4147887
False	15	172.140625	0.0	1700356750.415513
False	15	173.28125	1018.5	1700356750.4160225
False	15	174.515625	1019.5	1700356750.4169366
False	15	175.765625	1015.5	1700356750.41738
False	15	176.9375	1009.5	1700356750.4177575
False	15	178.15625	998.5	1700356750.4185498
False	15	179.34375	994.0	1700356750.4190216
False	15	180.578125	983.5	1700356750.4196815
False	15	181.640625	0.0	1700356750.4209795
False	15	182.90625	1007.0	1700356750.421571
False	15	184.0625	0.0	1700356750.4246237
False	15	185.34375	962.25	1700356750.4257672
False	15	186.53125	959.75	1700356750.4262166
False	15	187.765625	949.75	1700356750.4265935
False	15	188.984375	940.0	1700356750.4271488
False	15	190.09375	939.25	1700356750.42799
False	15	191.34375	937.0	1700356750.4283838
False	15	192.5	933.25	1700356750.4287412
False	15	193.671875	936.0	1700356750.4290872
False	15	194.84375	0.0	1700356750.4294345
False	15	196.171875	911.25	1700356750.429777
False	15	197.234375	912.5	1700356750.4301198
False	15	198.453125	912.25	1700356750.4304903
False	15	199.65625	918.5	1700356750.4309585
False	15	200.75	928.0	1700356750.4316387
False	15	202.0	930.75	1700356750.4331768
False	15	203.171875	932.0	1700356750.4335546
False	13	204.40625	937.25	1700356750.4339018
False	15	205.109375	0.0	1700356750.4346447
False	15	206.296875	1271.25	1700356750.4351783
False	15	207.5	1273.5	1700356750.4358563
False	15	208.6875	1282.0	1700356750.4362035
False	15	209.921875	1293.75	1700356750.4365392
False	15	211.15625	0.0	1700356750.437386
False	15	212.53125	0.0	1700356750.4377315
False	15	213.828125	0.0	1700356750.438063
False	15	221.5	0.0	1700356750.4383912
False	15	222.6875	0.0	1700356750.4387867
False	15	217.296875	0.0	1700356750.439439
False	15	225.0625	0.0	1700356750.4401982
False	15	226.25	0.0	1700356750.440548
False	15	220.71875	0.0	1700356750.4408832
False	15	221.859375	0.0	1700356750.441217
False	15	223.03125	1146.5	1700356750.4415488
False	15	224.234375	1158.0	1700356750.441881
False	15	225.390625	1184.75	1700356750.4422116
False	15	226.5	1209.75	1700356750.4425442
False	15	227.671875	0.0	1700356750.4429688
False	15	228.9375	0.0	1700356750.4434986
False	15	230.078125	0.0	1700356750.4444163
False	15	238.1875	0.0	1700356750.4447658
False	15	239.359375	0.0	1700356750.4457195
False	15	233.671875	1341.75	1700356750.446085
False	15	234.703125	0.0	1700356750.4464188
False	0	242.921875	0.0	1700356750.4468226
False	15	237.1875	0.0	1700356750.4471667
False	0	245.296875	0.0	1700356750.4476998
False	15	239.546875	0.0	1700356750.4480472
False	15	240.703125	1401.25	1700356750.4483855
False	15	241.859375	1395.75	1700356750.4492967
False	15	250.078125	0.0	1700356750.4496355
False	15	251.265625	0.0	1700356750.4499638
False	15	245.375	0.0	1700356750.450289
False	15	246.515625	0.0	1700356750.4506202
False	15	247.671875	1702.25	1700356750.451605
False	15	248.84375	1711.75	1700356750.451966
False	15	257.203125	0.0	1700356750.4523
False	15	258.359375	0.0	1700356750.452631
False	15	252.265625	0.0	1700356750.4529579
False	15	253.46875	1994.0	1700356750.4532905
False	15	254.703125	0.0	1700356750.4536202
False	15	255.875	1930.0	1700356750.453955
False	15	257.015625	1980.75	1700356750.454599
False	15	258.171875	0.0	1700356750.4549975
False	15	259.296875	0.0	1700356750.4555144
False	15	260.421875	0.0	1700356750.455852
False	15	261.609375	2621.0	1700356750.4561834
False	15	262.796875	2651.75	1700356750.4565146
False	15	263.953125	2638.75	1700356750.456842
False	15	265.140625	2637.75	1700356750.4571664
False	15	266.34375	2634.5	1700356750.457492
False	15	267.53125	2622.0	1700356750.457819
False	15	268.75	2606.0	1700356750.458148
False	15	269.921875	2594.5	1700356750.4584768
False	15	271.109375	2590.5	1700356750.458854
False	15	272.3125	2579.75	1700356750.4593625
False	15	273.515625	2569.5	1700356750.4597688
False	15	274.609375	2563.25	1700356750.4603152
False	15	275.78125	2553.25	1700356750.461268
False	15	276.984375	2540.5	1700356750.4617991
False	15	278.171875	2531.5	1700356750.4621418
False	15	279.375	2526.25	1700356750.4624753
False	15	280.53125	2523.25	1700356750.4628797
False	15	281.703125	2520.25	1700356750.4632232
False	15	282.90625	2523.25	1700356750.4635608
False	15	284.078125	2525.75	1700356750.4638915
False	15	285.296875	2522.0	1700356750.4642205
False	15	286.4375	2517.0	1700356750.4661143
False	15	287.640625	2514.5	1700356750.4665177
False	15	288.828125	2519.5	1700356750.4669101
False	15	290.0	2523.0	1700356750.4676623
False	15	291.1875	2530.0	1700356750.4680233
False	15	292.390625	2531.0	1700356750.4683638
False	15	293.59375	0.0	1700356750.4686978
False	15	294.765625	2406.5	1700356750.469029
False	15	295.96875	2455.75	1700356750.4696803
False	15	297.09375	0.0	1700356750.4704168
False	15	298.28125	2577.5	1700356750.4708369
False	15	299.53125	2582.0	1700356750.4711745
False	15	300.78125	0.0	1700356750.4716768
False	15	301.953125	2452.0	1700356750.4723792
False	15	303.125	2492.75	1700356750.4727197
False	15	304.3125	2533.5	1700356750.4730873
False	15	305.515625	2533.75	1700356750.474395
False	15	306.625	0.0	1700356750.477649
False	15	307.84375	2681.75	1700356750.4780004
False	15	309.015625	2709.25	1700356750.478885
False	15	310.1875	2735.5	1700356750.496116
False	15	311.359375	2755.75	1700356750.4970999
False	15	312.546875	2763.25	1700356750.497703
False	15	313.71875	0.0	1700356750.4983494
False	15	314.875	2885.75	1700356750.501136
False	15	316.0625	2912.5	1700356750.5041845
False	15	317.25	2943.75	1700356750.5051088
False	15	318.453125	2977.5	1700356750.505573
False	15	319.609375	3015.25	1700356750.5059853
False	15	320.8125	3069.5	1700356750.5065646
False	15	321.96875	3124.5	1700356750.5081816
False	15	323.203125	3172.5	1700356750.5087826
False	15	324.359375	3223.75	1700356750.5092545
False	15	325.546875	3276.5	1700356750.5102608
False	13	326.75	3306.5	1700356750.5115566
False	15	327.921875	3347.25	1700356750.511969
False	15	329.140625	0.0	1700356750.5137517
False	15	330.34375	3185.25	1700356750.5142412
False	15	331.53125	3137.25	1700356750.5155237
False	15	332.71875	3115.5	1700356750.5160506
False	15	333.90625	3128.5	1700356750.5174723
False	15	335.09375	3152.0	1700356750.5179882
False	15	336.25	3210.0	1700356750.5183444
False	15	337.453125	3203.75	1700356750.518813
False	15	338.6875	0.0	1700356750.519363
False	15	339.859375	2911.75	1700356750.5198562
False	15	341.078125	2922.25	1700356750.5211043
False	15	342.234375	2942.0	1700356750.52161
False	15	344.203125	0.0	1700356750.524576
False	15	345.375	0.0	1700356750.5251267
False	15	346.53125	1217.75	1700356750.525752
False	13	347.859375	0.0	1700356750.5262282
False	15	349.0	0.0	1700356750.5282965
False	15	350.28125	0.0	1700356750.528837
False	15	351.328125	0.0	1700356750.5300055
True	15	352.5	0.0	1700356750.5304499
False	15	353.703125	0.0	1700356750.5309827
False	15	354.84375	1235.0	1700356750.5317638
False	15	355.96875	1256.25	1700356750.5327172
False	15	357.15625	1277.5	1700356750.534591
False	15	357.875	0.0	1700356750.5362742
False	15	359.0625	0.0	1700356750.5369482
False	15	0.203125	2322.75	1700356750.5373619
False	15	1.40625	2331.5	1700356750.5377584
False	15	2.609375	2321.25	1700356750.5381777
False	15	3.8125	2302.5	1700356750.5392547
False	15	5.0	2286.5	1700356750.5404897
False	15	6.15625	2280.0	1700356750.5426133
False	15	7.375	2272.75	1700356750.5439394
False	15	8.53125	2265.75	1700356750.5444849
False	15	9.765625	2263.0	1700356750.5450506
False	15	10.859375	2258.0	1700356750.5455108
False	15	12.046875	2251.75	1700356750.5459044
False	15	13.234375	2263.25	1700356750.5462623
False	15	14.40625	2277.25	1700356750.547036
False	15	15.59375	2276.25	1700356750.5481818
False	15	16.8125	2261.0	1700356750.5486174
False	15	17.96875	2256.0	1700356750.5490692
False	15	19.15625	2256.75	1700356750.550788
False	15	20.34375	2270.25	1700356750.55191
False	15	21.546875	2289.5	1700356750.5530229
False	15	22.703125	2296.25	1700356750.5534637
False	15	23.890625	2302.0	1700356750.5538378
False	0	32.453125	0.0	1700356750.5545716
False	0	33.625	0.0	1700356750.5557697
False	0	34.8125	0.0	1700356750.5561461
False	0	36.0	0.0	1700356750.5570135
False	0	37.1875	0.0	1700356750.5573945
False	0	38.375	0.0	1700356750.5577457
False	0	39.5625	0.0	1700356750.5584674
False	0	40.75	0.0	1700356750.5588706
False	0	42.03125	0.0	1700356750.5592103
False	0	43.21875	0.0	1700356750.559735
False	0	44.40625	0.0	1700356750.5600677
False	0	45.59375	0.0	1700356750.5605576
False	0	46.78125	0.0	1700356750.5623553
False	9	40.65625	0.0	1700356750.563021
False	12	41.8125	2182.5	1700356750.5641758
False	11	43.015625	2211.25	1700356750.5645502
False	13	44.1875	2235.25	1700356750.5649064
False	0	52.734375	0.0	1700356750.5653052
False	0	53.921875	0.0	1700356750.568727
False	0	55.109375	0.0	1700356750.569105
False	0	56.296875	0.0	1700356750.5694392
False	10	50.09375	0.0	1700356750.5697732
False	11	51.28125	2382.75	1700356750.5705776
False	12	52.484375	2395.0	1700356750.5711124
False	15	53.671875	2423.5	1700356750.571881
False	15	54.828125	2445.25	1700356750.5722654
False	15	56.015625	2475.75	1700356750.5726006
False	0	64.640625	0.0	1700356750.5729313
False	0	65.828125	0.0	1700356750.5732644
False	8	59.53125	0.0	1700356750.5743432
False	7	60.796875	0.0	1700356750.5748289
False	10	61.921875	0.0	1700356750.5752335
False	0	70.578125	0.0	1700356750.5759032
False	0	71.78125	0.0	1700356750.5778682
False	15	65.578125	0.0	1700356750.578252
False	0	74.15625	0.0	1700356750.5785942
False	15	67.953125	2348.25	1700356750.5790143
False	15	69.171875	0.0	1700356750.5795884
False	15	71.3125	0.0	1700356750.5801435
False	15	72.609375	0.0	1700356750.5818841
False	15	73.765625	886.25	1700356750.5823848
False	15	75.078125	868.5	1700356750.5828428
False	15	76.15625	858.0	1700356750.5838816
False	15	77.296875	864.25	1700356750.584235
False	15	78.609375	0.0	1700356750.584568
False	15	79.84375	829.0	1700356750.5851908
False	15	80.953125	0.0	1700356750.5855305
False	15	82.078125	885.75	1700356750.5859714
False	15	83.3125	901.0	1700356750.5876367
False	15	84.40625	908.25	1700356750.588059
False	15	91.953125	0.0	1700356750.5884168
False	15	93.140625	0.0	1700356750.5887535
False	7	87.0	0.0	1700356750.5890815
False	0	95.5	0.0	1700356750.5894148
False	0	96.6875	0.0	1700356750.5897532
False	0	97.875	0.0	1700356750.590093
False	0	99.0625	0.0	1700356750.5904274
False	15	93.03125	0.0	1700356750.5908713
False	9	93.59375	0.0	1700356750.5912166
False	10	102.65625	0.0	1700356750.59176
False	15	103.828125	0.0	1700356750.5921202
False	0	105.0	0.0	1700356750.5924702
False	0	106.203125	0.0	1700356750.5928347
False	0	107.375	0.0	1700356750.5937886
False	0	108.5625	0.0	1700356750.5941277
False	0	109.75	0.0	1700356750.5944576
False	0	110.9375	0.0	1700356750.595466
False	15	104.859375	0.0	1700356750.5968883
False	15	106.015625	0.0	1700356750.5972507
False	15	107.140625	2047.75	1700356750.5981607
False	15	108.375	2049.25	1700356750.5984976
False	15	109.515625	2052.25	1700356750.5988865
False	15	110.703125	2058.25	1700356750.599395
False	15	111.875	2062.25	1700356750.6002536
False	15	113.046875	2069.5	1700356750.600743
False	15	114.234375	2075.25	1700356750.6010847
False	15	115.421875	2079.75	1700356750.601419
False	15	116.625	2087.0	1700356750.601749
False	15	117.8125	2096.25	1700356750.6020775
False	15	118.96875	2101.25	1700356750.6024065
False	15	120.15625	2115.75	1700356750.602817
False	15	121.34375	2138.0	1700356750.603155
False	15	122.53125	2149.25	1700356750.6039925
False	15	123.703125	2160.25	1700356750.6043372
False	15	124.875	2174.25	1700356750.604668
False	15	126.078125	2187.75	1700356750.606153
False	15	127.21875	2205.5	1700356750.606523
False	15	128.4375	0.0	1700356750.6069303
False	15	129.625	0.0	1700356750.6074505
False	15	130.765625	0.0	1700356750.6077943
False	15	132.03125	0.0	1700356750.60812
False	15	133.25	2086.25	1700356750.608449
False	15	134.375	0.0	1700356750.6087708
False	15	135.640625	0.0	1700356750.6090963
False	15	136.828125	1996.5	1700356750.6094544
False	15	138.109375	0.0	1700356750.609833
False	15	139.375	0.0	1700356750.610247
False	15	140.5	0.0	1700356750.6106281
False	15	141.703125	1657.0	1700356750.6111276
False	15	142.890625	1629.25	1700356750.6119757
False	15	144.109375	1610.0	1700356750.612529
False	0	152.375	0.0	1700356750.6130493
False	15	146.53125	0.0	1700356750.6135504
False	15	147.84375	0.0	1700356750.6138995
False	15	149.015625	1388.25	1700356750.618428
False	0	157.125	0.0	1700356750.6192346
False	15	151.265625	0.0	1700356750.6210608
False	15	152.59375	0.0	1700356750.6220944
False	15	153.84375	0.0	1700356750.6226602
False	15	155.015625	1290.0	1700356750.6239877
False	15	156.28125	0.0	1700356750.6246722
False	15	157.40625	1204.75	1700356750.626447
False	7	158.765625	0.0	1700356750.6282506
False	0	166.59375	0.0	1700356750.6288917
False	9	161.0	0.0	1700356750.6293676
False	0	168.96875	0.0	1700356750.6298728
False	0	170.15625	0.0	1700356750.6304288
False	8	164.6875	0.0	1700356750.6309218
False	0	172.515625	0.0	1700356750.6324286
False	15	167.109375	0.0	1700356750.6331792
False	15	168.3125	1069.5	1700356750.6338718
False	15	169.375	1081.0	1700356750.6344442
False	15	177.28125	0.0	1700356750.6355767
False	15	178.46875	0.0	1700356750.636087
False	15	173.046875	0.0	1700356750.6364894
False	15	174.28125	1022.0	1700356750.636861
False	15	175.53125	1004.5	1700356750.6372561
False	15	176.671875	998.0	1700356750.6379483
False	15	177.859375	1000.25	1700356750.640195
False	15	178.984375	995.0	1700356750.64175
False	15	180.28125	988.25	1700356750.6425278
False	15	181.328125	997.75	1700356750.643827
False	15	182.5625	1008.5	1700356750.644636
False	15	183.8125	0.0	1700356750.6453161
False	15	184.9375	962.75	1700356750.6459587
False	15	186.1875	961.75	1700356750.6465688
False	15	187.34375	955.25	1700356750.6479242
False	15	188.546875	942.0	1700356750.6488447
False	15	189.765625	941.25	1700356750.6502094
False	15	190.984375	943.0	1700356750.6511106
False	15	192.1875	935.25	1700356750.6524215
False	15	193.296875	931.5	1700356750.6530693
False	15	194.515625	936.5	1700356750.6540494
False	15	195.6875	0.0	1700356750.6548111
False	15	197.0	907.75	1700356750.6558576
False	15	198.09375	911.75	1700356750.6563146
False	15	199.265625	913.75	1700356750.6567318
False	15	200.40625	924.5	1700356750.6570954
False	15	201.609375	932.5	1700356750.6574554
False	15	202.796875	932.0	1700356750.6578202
False	15	204.0625	937.25	1700356750.6582005
False	15	204.78125	0.0	1700356750.6585708
False	15	205.96875	1268.75	1700356750.6590536
False	15	207.171875	1273.0	1700356750.659749
False	15	208.34375	1290.5	1700356750.6634653
False	15	209.5625	1301.0	1700356750.6658654
False	15	210.84375	0.0	1700356750.6678445
False	15	212.1875	0.0	1700356750.6683195
False	15	213.453125	0.0	1700356750.6686704
False	15	221.171875	0.0	1700356750.6693192
False	15	222.359375	0.0	1700356750.6697662
False	15	223.5625	0.0	1700356750.6701562
False	15	218.171875	0.0	1700356750.6705763
False	15	225.921875	0.0	1700356750.6721842
False	15	227.125	0.0	1700356750.6728969
False	15	221.609375	0.0	1700356750.6733801
False	15	222.796875	1134.25	1700356750.674569
False	15	223.90625	1150.0	1700356750.675222
False	15	225.125	1156.5	1700356750.6763132
False	15	226.28125	0.0	1700356750.680017
False	15	227.53125	0.0	1700356750.681684
False	15	228.609375	0.0	1700356750.6824527
False	15	229.765625	1271.75	1700356750.683604
False	15	230.859375	0.0	1700356750.6854136
False	15	232.09375	1367.75	1700356750.6860092
False	15	233.21875	1373.5	1700356750.6895869
False	15	234.5	0.0	1700356750.6904638
False	15	235.671875	0.0	1700356750.6920588
False	15	236.828125	1323.75	1700356750.6926365
False	0	244.90625	0.0	1700356750.6930282
False	15	239.125	0.0	1700356750.6935844
False	0	247.296875	0.0	1700356750.6941037
False	15	241.546875	1414.25	1700356750.695116
False	15	243.265625	0.0	1700356750.6957808
False	15	243.828125	0.0	1700356750.6962042
False	15	244.96875	0.0	1700356750.6967795
False	15	246.109375	0.0	1700356750.6976013
False	15	247.296875	1685.75	1700356750.699799
False	15	248.5	1702.0	1700356750.7001793
False	15	256.8125	0.0	1700356750.7005422
False	15	258.0	0.0	1700356750.7008896
False	15	251.921875	0.0	1700356750.7012267
False	15	253.125	1989.25	1700356750.7015643
False	15	254.328125	0.0	1700356750.7023485
False	15	255.484375	0.0	1700356750.7027764
False	15	256.65625	2000.5	1700356750.703156
False	15	257.8125	0.0	1700356750.703701
False	15	258.9375	0.0	1700356750.7047496
False	15	260.09375	2421.75	1700356750.7052362
False	15	261.21875	0.0	1700356750.7060268
False	15	262.421875	2653.75	1700356750.7063715
False	15	263.625	2640.25	1700356750.706781
False	15	264.78125	2663.0	1700356750.7077768
False	15	265.96875	2673.25	1700356750.7106075
False	15	267.1875	2633.75	1700356750.7110603
False	15	268.375	2616.5	1700356750.7125266
False	15	269.578125	2605.25	1700356750.7135446
False	15	270.78125	2593.0	1700356750.713923
False	15	271.96875	2586.5	1700356750.7142766
False	15	273.140625	2576.5	1700356750.7156076
False	15	274.3125	2563.5	1700356750.7160172
False	15	275.4375	2552.0	1700356750.7172923
False	15	276.609375	2542.25	1700356750.717937
False	15	277.796875	2531.0	1700356750.7211049
False	15	278.984375	2525.0	1700356750.721876
False	15	280.171875	2526.25	1700356750.7223706
False	15	281.34375	2524.0	1700356750.7228792
False	15	282.546875	2523.0	1700356750.7232351
False	15	283.71875	2522.5	1700356750.7238562
False	15	284.90625	2520.5	1700356750.7242217
False	15	286.09375	2519.25	1700356750.7246792
False	15	287.25	2519.5	1700356750.725058
False	15	288.46875	2520.0	1700356750.725408
False	15	289.640625	2521.25	1700356750.7257695
False	15	290.8125	2525.25	1700356750.726134
False	15	291.984375	2531.0	1700356750.7264845
False	15	293.21875	0.0	1700356750.7269347
False	15	294.40625	2399.25	1700356750.7272823
False	15	295.578125	2443.75	1700356750.7279508
False	15	296.734375	0.0	1700356750.728283
False	15	297.890625	2576.75	1700356750.7289023
False	15	299.203125	2583.75	1700356750.7292502
False	15	300.359375	2581.75	1700356750.7296152
False	15	301.609375	0.0	1700356750.7299714
False	15	302.75	2479.25	1700356750.7303417
False	15	303.96875	2514.5	1700356750.7309067
False	15	305.09375	0.0	1700356750.7318935
False	15	306.28125	2680.5	1700356750.7322571
False	15	307.46875	2680.25	1700356750.7325997
False	15	308.671875	2701.25	1700356750.732933
False	15	309.859375	2724.5	1700356750.7332647
False	15	311.03125	2748.25	1700356750.7340326
False	15	312.1875	2767.0	1700356750.7343864
False	15	313.34375	0.0	1700356750.7347925
False	15	314.5625	2943.25	1700356750.7351336
False	15	315.734375	2917.25	1700356750.7356594
False	15	316.921875	2942.75	1700356750.7364843
False	15	318.109375	2973.75	1700356750.736843
False	15	319.28125	3007.25	1700356750.737172
False	15	320.46875	3064.0	1700356750.7378347
False	15	321.640625	3119.5	1700356750.7381852
False	15	322.8125	3156.25	1700356750.738515
False	15	324.015625	3211.75	1700356750.7389143
False	15	325.1875	3266.75	1700356750.7394109
False	14	326.375	3327.5	1700356750.7397585
False	15	327.5625	3334.0	1700356750.7400913
False	15	328.765625	0.0	1700356750.740421
False	15	329.96875	3181.25	1700356750.740756
False	15	331.140625	3153.25	1700356750.741628
False	15	332.34375	3139.75	1700356750.7420118
False	15	333.546875	3134.75	1700356750.7423978
False	15	334.71875	3133.0	1700356750.742804
False	15	335.890625	3186.0	1700356750.7431521
False	15	337.0625	3182.0	1700356750.7436707
False	15	338.265625	3112.25	1700356750.7440155
False	15	339.484375	0.0	1700356750.7443533
False	15	340.6875	2936.75	1700356750.744689
False	15	341.859375	2945.0	1700356750.7450185
False	15	343.78125	0.0	1700356750.7453487
False	15	344.96875	1162.5	1700356750.7456825
False	15	346.125	0.0	1700356750.7460198
False	8	347.265625	1237.0	1700356750.7463794
False	15	348.625	0.0	1700356750.7468274
False	15	349.71875	0.0	1700356750.747242
False	15	350.890625	0.0	1700356750.7480068
True	15	352.046875	1169.75	1700356750.7500858
False	15	353.265625	1197.25	1700356750.7504697
False	15	354.34375	1223.25	1700356750.7508667
False	15	355.53125	1244.25	1700356750.7512076
False	15	356.75	1263.5	1700356750.7518075
False	0	4.765625	0.0	1700356750.752395
False	15	5.96875	0.0	1700356750.752726
False	15	359.78125	0.0	1700356750.7530546
False	15	0.953125	2305.5	1700356750.7533903
False	15	2.15625	2304.25	1700356750.7542646
False	15	3.328125	2315.25	1700356750.7546062
False	15	4.515625	2325.25	1700356750.7550004
False	15	5.71875	2313.0	1700356750.755737
False	15	6.90625	2307.5	1700356750.7560847
False	15	8.0625	2306.75	1700356750.7564158
False	15	9.25	2300.75	1700356750.7567482
False	15	10.46875	2288.75	1700356750.7570932
False	15	11.640625	2283.0	1700356750.7574217
False	15	12.828125	2289.0	1700356750.758168
False	15	14.03125	0.0	1700356750.7585182
False	15	15.1875	2243.25	1700356750.7589138
False	15	16.375	2285.0	1700356750.7596295
False	15	17.578125	2284.25	1700356750.7599816
False	15	18.78125	2280.75	1700356750.760311
False	15	19.9375	2283.25	1700356750.7606423
False	15	21.140625	2283.5	1700356750.7609649
False	15	22.328125	2294.25	1700356750.7612922
False	15	23.46875	2301.0	1700356750.7616305
False	0	32.03125	0.0	1700356750.762559
False	0	33.21875	0.0	1700356750.7631853
False	0	34.40625	0.0	1700356750.7640736
False	0	35.578125	0.0	1700356750.7646701
False	0	36.765625	0.0	1700356750.765198
False	0	37.953125	0.0	1700356750.7656877
False	0	39.140625	0.0	1700356750.7660363
False	0	40.328125	0.0	1700356750.7665033
False	0	41.515625	0.0	1700356750.7669353
False	0	42.796875	0.0	1700356750.7678046
False	0	43.984375	0.0	1700356750.7683003
False	0	45.171875	0.0	1700356750.7686918
False	0	46.359375	0.0	1700356750.769219
False	13	40.203125	0.0	1700356750.7697408
False	9	41.421875	2184.25	1700356750.7702007
False	13	42.59375	2201.5	1700356750.7706366
False	10	43.765625	2227.75	1700356750.7712212
False	0	52.3125	0.0	1700356750.7720232
False	0	53.5	0.0	1700356750.7729316
False	0	54.703125	0.0	1700356750.773355
False	15	48.484375	0.0	1700356750.773771
False	15	49.6875	2361.5	1700356750.780055
False	15	50.859375	2379.25	1700356750.782821
False	10	52.078125	2389.5	1700356750.787843
False	15	53.234375	2413.5	1700356750.7884781
False	15	54.4375	2443.5	1700356750.7889442
False	12	55.59375	0.0	1700356750.7893782
False	15	56.765625	2547.0	1700356750.7970753
False	0	65.40625	0.0	1700356750.799059
False	8	59.171875	0.0	1700356750.8000236
False	15	67.828125	0.0	1700356750.8005278
False	8	69.0	0.0	1700356750.800884
False	14	62.75	2640.75	1700356750.8012893
False	0	71.375	0.0	1700356750.802663
False	15	65.21875	0.0	1700356750.8032286
False	15	66.390625	2336.5	1700356750.8043082
False	15	67.546875	2343.75	1700356750.8047266
False	15	68.78125	2332.5	1700356750.8052242
False	15	70.859375	0.0	1700356750.8079104
False	15	72.09375	0.0	1700356750.8092341
False	15	73.4375	890.75	1700356750.8097212
False	15	74.609375	868.5	1700356750.8101108
False	15	75.71875	863.5	1700356750.8104653
False	15	77.03125	0.0	1700356750.8111615
False	15	78.296875	825.25	1700356750.8133671
False	15	79.515625	828.0	1700356750.8139932
False	15	80.5625	829.75	1700356750.8144605
False	15	81.625	0.0	1700356750.8182359
False	15	82.828125	894.5	1700356750.820495
False	15	83.953125	908.5	1700356750.821101
False	15	91.53125	0.0	1700356750.8223624
False	15	92.71875	0.0	1700356750.8230965
False	0	93.890625	0.0	1700356750.8242438
False	7	95.078125	0.0	1700356750.82531
False	0	96.265625	0.0	1700356750.8305857
False	0	97.453125	0.0	1700356750.8311725
False	0	98.625	0.0	1700356750.8325663
False	0	99.828125	0.0	1700356750.833015
False	9	101.046875	0.0	1700356750.8334062
False	0	102.203125	0.0	1700356750.8337674
False	15	96.125	0.0	1700356750.8341086
False	0	104.578125	0.0	1700356750.83445
False	0	105.765625	0.0	1700356750.8348813
False	0	106.9375	0.0	1700356750.8358126
False	0	108.125	0.0	1700356750.8362043
False	0	109.3125	0.0	1700356750.836557
False	15	103.28125	1908.25	1700356750.8369043
False	15	104.421875	1906.5	1700356750.8372498
False	15	105.5625	0.0	1700356750.837587
False	15	106.8125	2038.75	1700356750.8379433
False	15	108.0	2052.0	1700356750.8382943
False	15	109.171875	2051.25	1700356750.8402517
False	15	110.34375	2054.75	1700356750.8406887
False	15	111.53125	2059.25	1700356750.8411582
False	15	112.734375	2064.5	1700356750.8416464
False	15	113.90625	2071.5	1700356750.8421028
False	15	115.09375	2078.0	1700356750.8425498
False	15	116.25	2084.25	1700356750.8430483
False	15	117.4375	2092.5	1700356750.8436246
False	15	118.640625	2084.0	1700356750.844011
False	15	119.8125	2101.25	1700356750.8443818
False	15	121.0	2134.25	1700356750.8447325
False	15	122.1875	2144.25	1700356750.8452406
False	15	123.375	2158.5	1700356750.8464086
False	15	124.546875	2175.25	1700356750.8468688
False	15	125.75	2188.0	1700356750.8481722
False	15	126.90625	2198.5	1700356750.848972
False	15	128.09375	2214.5	1700356750.8496969
False	15	129.328125	2189.75	1700356750.8500578
False	15	130.5625	0.0	1700356750.8503969
False	15	131.71875	0.0	1700356750.85096
False	15	132.875	0.0	1700356750.852358
False	15	134.140625	0.0	1700356750.8527966
False	15	135.28125	0.0	1700356750.8545337
False	15	136.546875	0.0	1700356750.8551478
False	14	137.6875	0.0	1700356750.8556967
False	15	138.984375	0.0	1700356750.8561797
False	15	140.265625	0.0	1700356750.8576753
False	15	141.328125	0.0	1700356750.8581417
False	15	142.625	0.0	1700356750.859077
False	15	143.75	1593.75	1700356750.8597872
False	0	152.046875	0.0	1700356750.860143
False	15	146.21875	0.0	1700356750.8604739
False	13	147.390625	1459.0	1700356750.8608165
False	15	148.703125	0.0	1700356750.8611279
False	14	149.796875	1389.75	1700356750.8614724
False	15	150.953125	0.0	1700356750.861591
False	15	152.21875	0.0	1700356750.8617003
False	15	153.515625	0.0	1700356750.8618095
False	15	154.703125	1277.5	1700356750.8619192
False	15	155.953125	0.0	1700356750.8620288
False	15	157.09375	1208.5	1700356750.862246
False	15	158.265625	1223.25	1700356750.8623564
False	13	166.25	0.0	1700356750.8624642
False	8	160.71875	0.0	1700356750.862572
False	15	161.890625	1157.75	1700356750.862705
False	9	163.015625	0.0	1700356750.8628666
False	0	170.984375	0.0	1700356750.862977
False	0	172.171875	0.0	1700356750.863085
False	8	166.671875	0.0	1700356750.8632703
False	15	167.859375	1105.75	1700356750.863419
False	15	169.125	1103.25	1700356750.8636272
False	15	170.234375	1083.0	1700356750.864214
False	15	171.65625	0.0	1700356750.8644094
False	0	179.28125	0.0	1700356750.8650234
False	15	173.875	0.0	1700356750.8651586
False	15	175.046875	1016.25	1700356750.8652725
False	15	176.328125	1010.0	1700356750.865382
False	15	177.46875	1002.75	1700356750.8656757
False	15	178.671875	997.0	1700356750.8658085
False	15	179.921875	995.25	1700356750.8659177
False	15	181.015625	999.75	1700356750.8660266
False	15	182.265625	1002.0	1700356750.8661342
False	15	183.421875	0.0	1700356750.866245
False	15	184.65625	964.75	1700356750.8663564
False	15	185.875	960.25	1700356750.866465
False	15	187.015625	962.75	1700356750.8668354
False	15	188.328125	0.0	1700356750.8669522
False	15	189.421875	0.0	1700356750.8670628
False	15	190.59375	949.75	1700356750.867416
False	15	191.828125	934.25	1700356750.8675382
False	15	193.0625	926.0	1700356750.867649
False	15	194.265625	927.25	1700356750.867757
False	15	195.421875	0.0	1700356750.867865
False	15	196.578125	905.0	1700356750.8679714
False	15	197.765625	912.25	1700356750.8680828
False	15	199.0	917.5	1700356750.868197
False	15	200.125	928.25	1700356750.8683062
False	15	201.3125	932.5	1700356750.8686302
False	15	202.546875	931.0	1700356750.8687394
False	15	203.71875	934.5	1700356750.8688502
False	0	211.375	0.0	1700356750.8689587
False	15	212.578125	0.0	1700356750.8690667
False	15	206.90625	0.0	1700356750.869177
False	15	207.984375	0.0	1700356750.8692875
False	15	209.28125	0.0	1700356750.8693967
False	0	217.3125	0.0	1700356750.8696747
False	15	211.859375	0.0	1700356750.8697872
False	15	213.1875	0.0	1700356750.8698978
False	15	220.90625	0.0	1700356750.8700068
False	15	222.09375	0.0	1700356750.870114
False	15	216.765625	0.0	1700356750.8702219
False	0	224.453125	0.0	1700356750.8703296
False	15	219.03125	0.0	1700356750.8704379
False	15	220.21875	0.0	1700356750.8705463
False	15	228.03125	0.0	1700356750.870655
False	15	229.21875	0.0	1700356750.8707983
False	15	223.640625	0.0	1700356750.8709087
False	15	224.8125	1176.75	1700356750.871018
False	15	226.015625	1197.75	1700356750.8711305
False	15	227.109375	0.0	1700356750.871348
False	15	228.296875	1260.5	1700356750.8714619
False	15	229.453125	1268.75	1700356750.871575
False	15	237.546875	0.0	1700356750.8719242
False	15	238.734375	0.0	1700356750.872037
False	15	232.953125	0.0	1700356750.8721468
False	15	234.125	1389.0	1700356750.872257
False	0	242.28125	0.0	1700356750.8723655
False	15	236.546875	0.0	1700356750.8724763
False	15	237.75	1361.25	1700356750.8725863
False	15	239.125	0.0	1700356750.8726947
False	0	247.03125	0.0	1700356750.87296
False	15	248.234375	0.0	1700356750.8730748
False	15	243.21875	0.0	1700356750.8731837
False	15	243.625	0.0	1700356750.8732924
False	15	244.703125	0.0	1700356750.8734028
False	15	245.828125	0.0	1700356750.8735147
False	15	247.046875	1677.5	1700356750.873624
False	15	248.234375	1700.0	1700356750.873735
False	15	256.546875	0.0	1700356750.8738425
False	15	257.75	0.0	1700356750.8739517
False	15	251.640625	0.0	1700356750.87406
False	15	252.84375	1984.25	1700356750.8741684
False	15	254.09375	0.0	1700356750.8742785
False	0	262.5	0.0	1700356750.8743887
False	15	256.4375	1944.0	1700356750.8746312
False	13	257.546875	0.0	1700356750.8747845
False	15	258.71875	2233.5	1700356750.874897
False	9	259.859375	0.0	1700356750.8750076
False	15	260.984375	0.0	1700356750.8751185
False	15	262.171875	2660.5	1700356750.8753462
False	15	263.390625	2649.5	1700356750.876031
False	15	264.578125	2645.5	1700356750.8761766
False	15	265.734375	2641.5	1700356750.876295
False	15	266.921875	2635.0	1700356750.8764129
False	15	268.140625	2625.5	1700356750.8765275
False	15	269.328125	2611.25	1700356750.8766382
False	15	270.53125	2602.25	1700356750.876749
False	15	271.6875	2591.5	1700356750.8768606
False	15	272.890625	2580.5	1700356750.8769712
False	15	274.109375	2569.5	1700356750.8770843
False	15	275.21875	2554.5	1700356750.8771944
False	15	276.40625	2541.75	1700356750.8773038
False	15	277.609375	2535.0	1700356750.8774137
False	15	278.765625	2527.25	1700356750.877523
False	15	279.984375	2524.25	1700356750.8776321
False	15	281.15625	2525.0	1700356750.8777425
False	15	282.3125	2522.75	1700356750.8778515
False	15	283.53125	2520.0	1700356750.877961
False	15	284.6875	2518.5	1700356750.8780713
False	15	285.875	2517.75	1700356750.8781812
False	15	287.046875	2515.5	1700356750.8782916
False	15	288.25	2517.0	1700356750.8784075
False	15	289.421875	2525.5	1700356750.8785186
False	15	290.640625	2530.75	1700356750.8786285
False	15	291.8125	2534.75	1700356750.8787894
False	15	293.015625	0.0	1700356750.8789046
False	15	294.21875	2403.0	1700356750.8790145
False	15	295.390625	2419.75	1700356750.8791246
False	15	296.5625	0.0	1700356750.879393
False	15	297.734375	2585.75	1700356750.8795133
False	15	299.0	2576.75	1700356750.8796244
False	15	300.1875	2599.75	1700356750.8797352
False	15	301.421875	0.0	1700356750.8798454
False	15	302.609375	2471.5	1700356750.8799558
False	15	303.75	2501.5	1700356750.8800652
False	15	304.9375	0.0	1700356750.8801749
False	15	306.09375	2671.0	1700356750.880284
False	15	307.28125	2675.25	1700356750.8803926
False	15	308.46875	2695.75	1700356750.8805032
False	15	309.65625	2720.25	1700356750.8806133
False	15	310.84375	2746.5	1700356750.8807242
False	15	312.046875	2769.0	1700356750.880838
False	15	313.203125	0.0	1700356750.880947
False	15	314.390625	2886.5	1700356750.8810558
False	15	315.5625	2908.25	1700356750.8811657
False	15	316.75	2950.75	1700356750.881276
False	15	317.921875	2976.0	1700356750.881462
False	15	319.125	3000.0	1700356750.8815777
False	15	320.3125	3033.25	1700356750.8816884
False	15	321.484375	3085.25	1700356750.8817997
False	15	322.671875	3157.5	1700356750.8819106
False	15	323.859375	3216.0	1700356750.8820207
False	15	325.0625	3262.25	1700356750.8821304
False	11	326.21875	3315.25	1700356750.8822403
False	15	327.375	0.0	1700356750.882349
False	15	328.609375	0.0	1700356750.882459
False	15	329.78125	3211.75	1700356750.8825674
False	15	331.0	3180.5	1700356750.8827076
False	15	332.203125	3127.5	1700356750.8828235
False	15	333.375	3112.25	1700356750.8829312
False	15	334.5625	3126.25	1700356750.8830404
False	15	335.75	0.0	1700356750.8831506
False	15	336.9375	0.0	1700356750.8833764
False	13	338.125	3122.75	1700356750.8834887
False	15	339.34375	0.0	1700356750.8835995
False	15	340.53125	2936.75	1700356750.883713
False	15	341.71875	2949.75	1700356750.8838232
False	15	343.671875	0.0	1700356750.883932
False	15	344.953125	1136.75	1700356750.8840406
False	15	346.0625	0.0	1700356750.8841572
False	13	347.15625	0.0	1700356750.8843338
False	15	348.5	0.0	1700356750.8851466
False	15	349.640625	1077.75	1700356750.8852682
False	15	350.796875	0.0	1700356750.8853803
True	15	351.953125	1169.25	1700356750.885636
False	15	353.0625	1189.0	1700356750.88575
False	15	354.25	1213.75	1700356750.8858602
False	15	355.375	1242.75	1700356750.8859715
False	15	356.578125	1259.25	1700356750.88637
False	0	4.59375	0.0	1700356750.8879042
False	15	5.796875	0.0	1700356750.8888583
